00 1.0991 0.6800
01 1.0822 0.7180
02 1.0555 0.7360
03 1.0215 0.7340
04 0.9810 0.7280
05 0.9361 0.7290
06 0.8873 0.7280
07 0.8355 0.7280
08 0.7817 0.7290
09 0.7265 0.7290
10 0.6712 0.7300
11 0.6164 0.7330
12 0.5626 0.7380
13 0.5108 0.7390
14 0.4614 0.7440
15 0.4153 0.7470
16 0.3727 0.7490
17 0.3337 0.7490
18 0.2984 0.7530
19 0.2667 0.7520
20 0.2385 0.7590
21 0.2134 0.7600
22 0.1913 0.7580
23 0.1720 0.7570
24 0.1550 0.7590
25 0.1402 0.7570
26 0.1273 0.7540
27 0.1162 0.7550
28 0.1065 0.7500
29 0.0981 0.7520
30 0.0908 0.7530
31 0.0846 0.7530
32 0.0792 0.7530
33 0.0746 0.7540
34 0.0707 0.7520
35 0.0673 0.7530
36 0.0645 0.7530
37 0.0622 0.7510
38 0.0602 0.7510
39 0.0586 0.7510
40 0.0573 0.7520
41 0.0563 0.7540
42 0.0555 0.7570
43 0.0548 0.7590
44 0.0543 0.7610
45 0.0538 0.7600
46 0.0534 0.7620
47 0.0530 0.7620
48 0.0527 0.7610
49 0.0523 0.7620
50 0.0520 0.7640
51 0.0517 0.7640
52 0.0513 0.7640
53 0.0510 0.7660
54 0.0505 0.7650
55 0.0501 0.7660
56 0.0495 0.7650
57 0.0489 0.7660
58 0.0483 0.7670
59 0.0476 0.7690
60 0.0468 0.7670
61 0.0460 0.7670
62 0.0452 0.7660
63 0.0443 0.7640
64 0.0435 0.7630
65 0.0426 0.7630
66 0.0417 0.7630
67 0.0409 0.7640
68 0.0401 0.7630
69 0.0393 0.7640
70 0.0386 0.7620
71 0.0380 0.7620
72 0.0374 0.7640
73 0.0368 0.7630
74 0.0363 0.7630
75 0.0359 0.7640
76 0.0355 0.7640
77 0.0351 0.7630
78 0.0347 0.7630
79 0.0344 0.7630
80 0.0341 0.7630
81 0.0339 0.7640
82 0.0336 0.7640
83 0.0334 0.7660
84 0.0332 0.7660
85 0.0330 0.7660
86 0.0328 0.7660
87 0.0326 0.7670
88 0.0324 0.7660
89 0.0322 0.7660
90 0.0320 0.7670
91 0.0318 0.7670
92 0.0316 0.7660
93 0.0314 0.7670
94 0.0312 0.7670
95 0.0310 0.7670
96 0.0308 0.7670
97 0.0305 0.7660
98 0.0303 0.7650
99 0.0301 0.7660
100 0.0299 0.7660
101 0.0297 0.7660
102 0.0295 0.7680
103 0.0293 0.7680
104 0.0291 0.7680
105 0.0289 0.7680
106 0.0287 0.7670
107 0.0286 0.7660
108 0.0284 0.7660
109 0.0282 0.7660
110 0.0281 0.7660
111 0.0279 0.7670
112 0.0277 0.7670
113 0.0276 0.7680
114 0.0274 0.7680
115 0.0273 0.7670
116 0.0272 0.7660
117 0.0270 0.7670
118 0.0269 0.7660
119 0.0267 0.7670
120 0.0266 0.7700
121 0.0265 0.7690
122 0.0263 0.7700
123 0.0262 0.7660
124 0.0261 0.7660
125 0.0259 0.7670
126 0.0258 0.7670
127 0.0257 0.7670
128 0.0256 0.7640
129 0.0254 0.7640
130 0.0253 0.7660
131 0.0252 0.7670
132 0.0251 0.7650
133 0.0249 0.7630
134 0.0248 0.7670
135 0.0247 0.7660
136 0.0246 0.7630
137 0.0245 0.7650
138 0.0243 0.7650
139 0.0242 0.7640
140 0.0241 0.7670
141 0.0240 0.7680
142 0.0239 0.7650
143 0.0238 0.7630
144 0.0237 0.7630
145 0.0236 0.7670
146 0.0235 0.7660
147 0.0234 0.7630
148 0.0233 0.7630
149 0.0232 0.7620
150 0.0231 0.7660
151 0.0230 0.7660
152 0.0229 0.7640
153 0.0228 0.7630
154 0.0227 0.7620
155 0.0226 0.7660
156 0.0225 0.7640
157 0.0224 0.7620
158 0.0223 0.7630
159 0.0223 0.7640
160 0.0222 0.7660
161 0.0221 0.7660
162 0.0220 0.7640
163 0.0219 0.7620
164 0.0218 0.7640
165 0.0218 0.7670
166 0.0217 0.7640
167 0.0216 0.7640
168 0.0215 0.7640
169 0.0214 0.7650
170 0.0214 0.7660
171 0.0213 0.7660
172 0.0212 0.7630
173 0.0211 0.7640
174 0.0211 0.7660
175 0.0210 0.7670
176 0.0209 0.7660
177 0.0208 0.7650
178 0.0208 0.7640
179 0.0207 0.7650
180 0.0206 0.7650
181 0.0206 0.7640
182 0.0205 0.7650
183 0.0204 0.7660
184 0.0204 0.7660
185 0.0203 0.7660
186 0.0202 0.7660
187 0.0201 0.7650
188 0.0201 0.7650
189 0.0200 0.7640
190 0.0200 0.7640
191 0.0199 0.7640
192 0.0199 0.7640
193 0.0198 0.7640
194 0.0197 0.7640
195 0.0197 0.7650
196 0.0196 0.7650
197 0.0196 0.7650
198 0.0195 0.7650
199 0.0195 0.7650
200 0.0194 0.7650
201 0.0193 0.7640
202 0.0193 0.7640
203 0.0192 0.7660
204 0.0191 0.7660
205 0.0191 0.7660
206 0.0190 0.7660
207 0.0190 0.7670
208 0.0190 0.7670
209 0.0189 0.7670
210 0.0189 0.7680
211 0.0188 0.7680
212 0.0188 0.7670
213 0.0187 0.7670
214 0.0187 0.7670
215 0.0186 0.7670
216 0.0186 0.7670
217 0.0185 0.7670
218 0.0185 0.7670
219 0.0185 0.7670
220 0.0184 0.7680
221 0.0184 0.7680
222 0.0184 0.7680
223 0.0183 0.7680
224 0.0183 0.7680
225 0.0182 0.7680
226 0.0182 0.7680
227 0.0181 0.7680
228 0.0181 0.7700
229 0.0181 0.7680
230 0.0180 0.7690
231 0.0180 0.7700
232 0.0180 0.7700
233 0.0179 0.7710
234 0.0179 0.7710
235 0.0179 0.7710
236 0.0179 0.7710
237 0.0178 0.7700
238 0.0178 0.7700
239 0.0178 0.7710
240 0.0177 0.7710
241 0.0177 0.7700
242 0.0177 0.7700
243 0.0176 0.7720
244 0.0176 0.7720
245 0.0176 0.7710
246 0.0175 0.7710
247 0.0175 0.7720
248 0.0175 0.7710
249 0.0174 0.7710
250 0.0174 0.7720
251 0.0174 0.7720
252 0.0174 0.7710
253 0.0173 0.7710
254 0.0173 0.7710
255 0.0173 0.7710
256 0.0172 0.7710
257 0.0172 0.7710
258 0.0172 0.7710
259 0.0172 0.7710
260 0.0171 0.7710
261 0.0171 0.7710
262 0.0171 0.7710
263 0.0170 0.7710
264 0.0170 0.7710
265 0.0170 0.7710
266 0.0170 0.7710
267 0.0169 0.7710
268 0.0169 0.7700
269 0.0169 0.7710
270 0.0169 0.7700
271 0.0168 0.7700
272 0.0168 0.7700
273 0.0168 0.7700
274 0.0168 0.7700
275 0.0167 0.7690
276 0.0167 0.7700
277 0.0167 0.7690
278 0.0167 0.7690
279 0.0166 0.7690
280 0.0166 0.7690
281 0.0166 0.7690
282 0.0166 0.7690
283 0.0165 0.7700
284 0.0165 0.7690
285 0.0165 0.7710
286 0.0164 0.7710
287 0.0164 0.7710
288 0.0164 0.7710
289 0.0164 0.7710
290 0.0164 0.7710
291 0.0164 0.7710
292 0.0163 0.7700
293 0.0163 0.7700
294 0.0163 0.7700
295 0.0163 0.7700
296 0.0162 0.7700
297 0.0162 0.7700
298 0.0162 0.7700
299 0.0162 0.7700
300 0.0161 0.7700
301 0.0161 0.7700
302 0.0161 0.7700
303 0.0161 0.7700
304 0.0161 0.7700
305 0.0160 0.7700
306 0.0160 0.7700
307 0.0160 0.7700
308 0.0160 0.7700
309 0.0160 0.7700
310 0.0159 0.7700
311 0.0159 0.7700
312 0.0159 0.7710
313 0.0159 0.7710
314 0.0159 0.7710
315 0.0158 0.7710
316 0.0158 0.7700
317 0.0158 0.7700
318 0.0158 0.7690
319 0.0158 0.7690
320 0.0158 0.7690
321 0.0157 0.7690
322 0.0157 0.7690
323 0.0157 0.7690
324 0.0157 0.7690
325 0.0157 0.7690
326 0.0157 0.7690
327 0.0156 0.7690
328 0.0156 0.7690
329 0.0156 0.7690
330 0.0156 0.7690
331 0.0156 0.7690
332 0.0156 0.7700
333 0.0155 0.7700
334 0.0155 0.7710
335 0.0155 0.7710
336 0.0155 0.7710
337 0.0155 0.7710
338 0.0155 0.7710
339 0.0155 0.7710
340 0.0154 0.7710
341 0.0154 0.7710
342 0.0154 0.7710
343 0.0154 0.7710
344 0.0154 0.7700
345 0.0154 0.7700
346 0.0154 0.7700
347 0.0153 0.7700
348 0.0153 0.7700
349 0.0153 0.7700
350 0.0153 0.7700
351 0.0153 0.7690
352 0.0153 0.7700
353 0.0153 0.7700
354 0.0152 0.7690
355 0.0152 0.7700
356 0.0152 0.7710
357 0.0152 0.7710
358 0.0152 0.7710
359 0.0152 0.7700
360 0.0152 0.7700
361 0.0152 0.7700
362 0.0152 0.7690
363 0.0152 0.7700
364 0.0151 0.7700
365 0.0151 0.7700
366 0.0151 0.7700
367 0.0151 0.7690
368 0.0151 0.7680
369 0.0151 0.7690
370 0.0151 0.7690
371 0.0151 0.7680
372 0.0151 0.7680
373 0.0151 0.7680
374 0.0150 0.7680
375 0.0150 0.7660
376 0.0150 0.7670
377 0.0150 0.7680
378 0.0150 0.7680
379 0.0150 0.7670
380 0.0150 0.7670
381 0.0150 0.7680
382 0.0150 0.7670
383 0.0150 0.7680
384 0.0150 0.7660
385 0.0149 0.7660
386 0.0149 0.7660
387 0.0149 0.7660
388 0.0149 0.7660
389 0.0149 0.7660
390 0.0149 0.7660
391 0.0149 0.7660
392 0.0149 0.7660
393 0.0149 0.7660
394 0.0149 0.7660
395 0.0148 0.7660
396 0.0148 0.7660
397 0.0148 0.7660
398 0.0148 0.7660
399 0.0148 0.7660
400 0.0148 0.7660
401 0.0148 0.7660
402 0.0148 0.7660
403 0.0148 0.7660
404 0.0148 0.7660
405 0.0148 0.7660
406 0.0148 0.7660
407 0.0148 0.7660
408 0.0148 0.7660
409 0.0148 0.7660
410 0.0148 0.7660
411 0.0147 0.7660
412 0.0147 0.7660
413 0.0147 0.7660
414 0.0147 0.7660
415 0.0147 0.7660
416 0.0147 0.7660
417 0.0147 0.7660
418 0.0147 0.7660
419 0.0147 0.7660
420 0.0147 0.7660
421 0.0147 0.7660
422 0.0147 0.7660
423 0.0147 0.7650
424 0.0147 0.7650
425 0.0147 0.7650
426 0.0146 0.7650
427 0.0146 0.7650
428 0.0146 0.7650
429 0.0146 0.7650
430 0.0146 0.7650
431 0.0146 0.7650
432 0.0146 0.7650
433 0.0146 0.7650
434 0.0146 0.7650
435 0.0146 0.7650
436 0.0146 0.7650
437 0.0146 0.7650
438 0.0146 0.7650
439 0.0146 0.7650
440 0.0146 0.7650
441 0.0145 0.7650
442 0.0145 0.7650
443 0.0145 0.7650
444 0.0145 0.7650
445 0.0145 0.7650
446 0.0145 0.7650
447 0.0145 0.7650
448 0.0145 0.7650
449 0.0145 0.7650
450 0.0145 0.7650
451 0.0145 0.7650
452 0.0145 0.7650
453 0.0145 0.7650
454 0.0145 0.7650
455 0.0145 0.7650
456 0.0145 0.7650
457 0.0145 0.7650
458 0.0145 0.7650
459 0.0144 0.7650
460 0.0144 0.7650
461 0.0144 0.7650
462 0.0144 0.7650
463 0.0144 0.7650
464 0.0144 0.7650
465 0.0144 0.7650
466 0.0144 0.7640
467 0.0144 0.7640
468 0.0144 0.7640
469 0.0144 0.7640
470 0.0144 0.7640
471 0.0144 0.7640
472 0.0144 0.7640
473 0.0144 0.7640
474 0.0144 0.7640
475 0.0144 0.7640
476 0.0143 0.7640
477 0.0143 0.7640
478 0.0143 0.7640
479 0.0143 0.7640
480 0.0143 0.7640
481 0.0143 0.7640
482 0.0143 0.7640
483 0.0143 0.7640
484 0.0143 0.7640
485 0.0143 0.7640
486 0.0143 0.7640
487 0.0143 0.7640
488 0.0143 0.7640
489 0.0143 0.7640
490 0.0143 0.7640
491 0.0143 0.7640
492 0.0143 0.7640
493 0.0143 0.7640
494 0.0143 0.7630
495 0.0143 0.7650
496 0.0143 0.7620
497 0.0143 0.7630
498 0.0142 0.7640
499 0.0142 0.7620
500 0.0142 0.7630
501 0.0142 0.7630
502 0.0142 0.7630
503 0.0142 0.7640
504 0.0142 0.7630
505 0.0142 0.7630
506 0.0142 0.7630
507 0.0142 0.7630
508 0.0142 0.7650
509 0.0142 0.7630
510 0.0142 0.7630
511 0.0142 0.7630
512 0.0142 0.7630
513 0.0142 0.7630
514 0.0142 0.7630
515 0.0142 0.7630
516 0.0142 0.7630
517 0.0142 0.7630
518 0.0142 0.7630
519 0.0142 0.7630
520 0.0142 0.7630
521 0.0142 0.7630
522 0.0142 0.7630
523 0.0142 0.7630
524 0.0142 0.7640
525 0.0141 0.7630
526 0.0141 0.7630
527 0.0141 0.7640
528 0.0141 0.7630
529 0.0141 0.7630
530 0.0141 0.7640
531 0.0141 0.7630
532 0.0141 0.7630
533 0.0141 0.7640
534 0.0141 0.7630
535 0.0141 0.7640
536 0.0141 0.7630
537 0.0141 0.7630
538 0.0141 0.7640
539 0.0141 0.7630
540 0.0141 0.7630
541 0.0141 0.7630
542 0.0141 0.7620
543 0.0141 0.7640
544 0.0141 0.7630
545 0.0141 0.7630
546 0.0141 0.7640
547 0.0141 0.7620
548 0.0141 0.7630
549 0.0141 0.7640
550 0.0141 0.7620
551 0.0141 0.7640
552 0.0141 0.7640
553 0.0141 0.7630
554 0.0141 0.7640
555 0.0141 0.7630
556 0.0141 0.7630
557 0.0141 0.7630
558 0.0141 0.7640
559 0.0141 0.7630
560 0.0141 0.7630
561 0.0141 0.7630
562 0.0140 0.7640
563 0.0140 0.7630
564 0.0140 0.7640
565 0.0140 0.7630
566 0.0140 0.7630
567 0.0140 0.7640
568 0.0140 0.7630
569 0.0140 0.7640
570 0.0140 0.7630
571 0.0140 0.7630
572 0.0140 0.7640
573 0.0140 0.7640
574 0.0140 0.7630
575 0.0140 0.7640
576 0.0140 0.7630
577 0.0140 0.7630
578 0.0140 0.7640
579 0.0140 0.7620
580 0.0140 0.7640
581 0.0140 0.7640
582 0.0140 0.7630
583 0.0140 0.7630
584 0.0140 0.7640
585 0.0140 0.7620
586 0.0140 0.7640
587 0.0140 0.7640
588 0.0140 0.7630
589 0.0140 0.7640
590 0.0140 0.7630
591 0.0140 0.7640
592 0.0140 0.7630
593 0.0140 0.7630
594 0.0140 0.7640
595 0.0140 0.7640
596 0.0140 0.7630
597 0.0140 0.7640
598 0.0140 0.7630
599 0.0140 0.7630
600 0.0140 0.7640
601 0.0140 0.7630
602 0.0140 0.7630
603 0.0140 0.7640
604 0.0140 0.7630
605 0.0140 0.7640
606 0.0140 0.7640
607 0.0140 0.7630
608 0.0140 0.7630
609 0.0140 0.7640
610 0.0139 0.7630
611 0.0139 0.7640
612 0.0139 0.7640
613 0.0139 0.7630
614 0.0139 0.7640
615 0.0139 0.7630
616 0.0139 0.7640
617 0.0139 0.7640
618 0.0139 0.7630
619 0.0139 0.7640
620 0.0139 0.7640
621 0.0139 0.7620
622 0.0139 0.7640
623 0.0139 0.7640
624 0.0139 0.7630
625 0.0139 0.7640
626 0.0139 0.7630
627 0.0139 0.7640
628 0.0139 0.7640
629 0.0139 0.7640
630 0.0139 0.7640
631 0.0139 0.7630
632 0.0139 0.7640
633 0.0139 0.7630
634 0.0139 0.7640
635 0.0139 0.7640
636 0.0139 0.7630
637 0.0139 0.7640
638 0.0139 0.7640
639 0.0139 0.7620
640 0.0139 0.7640
641 0.0139 0.7640
642 0.0139 0.7640
643 0.0139 0.7640
644 0.0139 0.7630
645 0.0139 0.7640
646 0.0139 0.7640
647 0.0139 0.7630
648 0.0139 0.7640
649 0.0139 0.7630
650 0.0139 0.7640
651 0.0139 0.7640
652 0.0139 0.7630
653 0.0139 0.7640
654 0.0139 0.7640
655 0.0139 0.7630
656 0.0139 0.7640
657 0.0139 0.7630
658 0.0139 0.7630
659 0.0139 0.7640
660 0.0139 0.7640
661 0.0139 0.7640
662 0.0139 0.7640
663 0.0139 0.7630
664 0.0139 0.7640
665 0.0139 0.7640
666 0.0139 0.7640
667 0.0139 0.7640
668 0.0139 0.7630
669 0.0139 0.7640
670 0.0139 0.7640
671 0.0139 0.7620
672 0.0139 0.7650
673 0.0139 0.7640
674 0.0138 0.7640
675 0.0138 0.7640
676 0.0139 0.7630
677 0.0139 0.7640
678 0.0139 0.7640
679 0.0139 0.7640
680 0.0139 0.7640
681 0.0139 0.7640
682 0.0139 0.7640
683 0.0139 0.7640
684 0.0138 0.7640
685 0.0138 0.7640
686 0.0138 0.7620
687 0.0138 0.7650
688 0.0138 0.7640
689 0.0138 0.7640
690 0.0138 0.7650
691 0.0138 0.7620
692 0.0138 0.7640
693 0.0138 0.7650
694 0.0138 0.7640
695 0.0138 0.7650
696 0.0138 0.7640
697 0.0138 0.7630
698 0.0138 0.7650
699 0.0138 0.7640
700 0.0138 0.7620
701 0.0138 0.7650
702 0.0138 0.7640
703 0.0138 0.7650
704 0.0138 0.7650
705 0.0138 0.7630
706 0.0138 0.7640
707 0.0138 0.7650
708 0.0138 0.7640
709 0.0138 0.7650
710 0.0138 0.7640
711 0.0138 0.7630
712 0.0138 0.7650
713 0.0138 0.7640
714 0.0138 0.7640
715 0.0138 0.7650
716 0.0138 0.7640
717 0.0138 0.7640
718 0.0138 0.7650
719 0.0138 0.7630
720 0.0138 0.7640
721 0.0138 0.7650
722 0.0138 0.7650
723 0.0138 0.7650
724 0.0138 0.7650
725 0.0138 0.7640
726 0.0138 0.7650
727 0.0138 0.7660
728 0.0138 0.7640
729 0.0138 0.7650
730 0.0138 0.7640
731 0.0138 0.7650
732 0.0138 0.7660
733 0.0138 0.7650
734 0.0138 0.7650
735 0.0138 0.7640
736 0.0138 0.7650
737 0.0138 0.7660
738 0.0138 0.7650
739 0.0138 0.7650
740 0.0138 0.7650
741 0.0138 0.7650
742 0.0138 0.7660
743 0.0138 0.7650
744 0.0138 0.7650
745 0.0138 0.7660
746 0.0138 0.7650
747 0.0138 0.7660
748 0.0138 0.7660
749 0.0138 0.7640
750 0.0138 0.7660
751 0.0138 0.7650
752 0.0138 0.7660
753 0.0138 0.7660
754 0.0138 0.7660
755 0.0138 0.7650
756 0.0138 0.7660
757 0.0138 0.7640
758 0.0138 0.7660
759 0.0138 0.7660
760 0.0138 0.7640
761 0.0138 0.7660
762 0.0138 0.7650
763 0.0138 0.7650
764 0.0138 0.7660
765 0.0138 0.7640
766 0.0138 0.7660
767 0.0138 0.7650
768 0.0138 0.7650
769 0.0138 0.7660
770 0.0138 0.7650
771 0.0138 0.7650
772 0.0138 0.7660
773 0.0138 0.7660
774 0.0138 0.7660
775 0.0138 0.7650
776 0.0138 0.7650
777 0.0138 0.7660
778 0.0138 0.7660
779 0.0138 0.7660
780 0.0138 0.7650
781 0.0138 0.7650
782 0.0138 0.7660
783 0.0138 0.7650
784 0.0138 0.7660
785 0.0138 0.7660
786 0.0138 0.7660
787 0.0138 0.7660
788 0.0137 0.7660
789 0.0138 0.7660
790 0.0138 0.7660
791 0.0138 0.7660
792 0.0138 0.7660
793 0.0137 0.7660
794 0.0138 0.7650
795 0.0138 0.7660
796 0.0138 0.7660
797 0.0138 0.7660
798 0.0138 0.7660
799 0.0138 0.7670
800 0.0138 0.7660
801 0.0138 0.7670
802 0.0138 0.7660
803 0.0137 0.7640
804 0.0137 0.7670
805 0.0137 0.7660
806 0.0137 0.7660
807 0.0137 0.7660
808 0.0138 0.7640
809 0.0137 0.7650
810 0.0137 0.7650
811 0.0137 0.7660
812 0.0137 0.7660
813 0.0137 0.7660
814 0.0138 0.7650
815 0.0137 0.7650
816 0.0137 0.7650
817 0.0137 0.7660
818 0.0138 0.7650
819 0.0138 0.7650
820 0.0137 0.7640
821 0.0137 0.7660
822 0.0137 0.7650
823 0.0137 0.7640
824 0.0137 0.7660
825 0.0137 0.7660
826 0.0137 0.7650
827 0.0137 0.7650
828 0.0137 0.7650
829 0.0137 0.7650
830 0.0137 0.7650
831 0.0137 0.7640
832 0.0137 0.7650
833 0.0137 0.7640
834 0.0137 0.7650
835 0.0137 0.7650
836 0.0137 0.7640
837 0.0137 0.7630
838 0.0137 0.7640
839 0.0137 0.7650
840 0.0137 0.7630
841 0.0137 0.7640
842 0.0137 0.7640
843 0.0137 0.7640
844 0.0137 0.7650
845 0.0137 0.7640
846 0.0137 0.7640
847 0.0137 0.7650
848 0.0137 0.7630
849 0.0137 0.7640
850 0.0137 0.7650
851 0.0137 0.7630
852 0.0138 0.7640
853 0.0137 0.7640
854 0.0137 0.7640
855 0.0137 0.7640
856 0.0137 0.7640
857 0.0137 0.7640
858 0.0137 0.7640
859 0.0137 0.7630
860 0.0137 0.7640
861 0.0137 0.7630
862 0.0137 0.7650
863 0.0137 0.7650
864 0.0137 0.7640
865 0.0137 0.7640
866 0.0137 0.7650
867 0.0137 0.7650
868 0.0137 0.7640
869 0.0137 0.7650
870 0.0137 0.7650
871 0.0137 0.7640
872 0.0137 0.7650
873 0.0137 0.7650
874 0.0137 0.7650
875 0.0137 0.7640
876 0.0137 0.7630
877 0.0137 0.7640
878 0.0137 0.7650
879 0.0137 0.7630
880 0.0137 0.7640
881 0.0137 0.7630
882 0.0137 0.7650
883 0.0137 0.7640
884 0.0137 0.7620
885 0.0137 0.7640
886 0.0137 0.7650
887 0.0137 0.7640
888 0.0137 0.7640
889 0.0137 0.7640
890 0.0137 0.7640
891 0.0137 0.7650
892 0.0137 0.7640
893 0.0137 0.7650
894 0.0137 0.7650
895 0.0137 0.7640
896 0.0137 0.7640
897 0.0137 0.7630
898 0.0137 0.7650
899 0.0137 0.7650
900 0.0137 0.7630
901 0.0137 0.7650
902 0.0137 0.7650
903 0.0137 0.7650
904 0.0137 0.7650
905 0.0137 0.7650
906 0.0137 0.7640
907 0.0137 0.7650
908 0.0137 0.7640
909 0.0137 0.7650
910 0.0137 0.7650
911 0.0137 0.7650
912 0.0137 0.7650
913 0.0137 0.7650
914 0.0137 0.7650
915 0.0137 0.7650
916 0.0137 0.7650
917 0.0137 0.7650
918 0.0137 0.7640
919 0.0137 0.7650
920 0.0137 0.7650
921 0.0137 0.7650
922 0.0137 0.7650
923 0.0137 0.7640
924 0.0137 0.7650
925 0.0137 0.7640
926 0.0137 0.7640
927 0.0137 0.7650
928 0.0137 0.7640
929 0.0137 0.7650
930 0.0137 0.7630
931 0.0137 0.7640
932 0.0137 0.7640
933 0.0137 0.7650
934 0.0137 0.7650
935 0.0137 0.7640
936 0.0137 0.7650
937 0.0137 0.7620
938 0.0137 0.7650
939 0.0137 0.7650
940 0.0137 0.7640
941 0.0137 0.7650
942 0.0137 0.7620
943 0.0137 0.7650
944 0.0137 0.7640
945 0.0137 0.7650
946 0.0137 0.7650
947 0.0137 0.7630
948 0.0137 0.7640
949 0.0137 0.7640
950 0.0137 0.7650
951 0.0137 0.7650
952 0.0137 0.7630
953 0.0137 0.7650
954 0.0137 0.7640
955 0.0137 0.7650
956 0.0137 0.7650
957 0.0137 0.7640
958 0.0137 0.7650
959 0.0137 0.7640
960 0.0137 0.7650
961 0.0137 0.7650
962 0.0137 0.7640
963 0.0137 0.7650
964 0.0137 0.7640
965 0.0137 0.7650
966 0.0137 0.7650
967 0.0137 0.7640
968 0.0137 0.7650
969 0.0137 0.7640
970 0.0137 0.7650
971 0.0137 0.7650
972 0.0137 0.7650
973 0.0137 0.7650
974 0.0137 0.7650
975 0.0137 0.7650
976 0.0137 0.7650
977 0.0137 0.7650
978 0.0137 0.7650
979 0.0137 0.7630
980 0.0137 0.7650
981 0.0137 0.7630
982 0.0137 0.7650
983 0.0137 0.7650
984 0.0137 0.7650
985 0.0137 0.7650
986 0.0137 0.7650
987 0.0137 0.7640
988 0.0137 0.7650
989 0.0137 0.7650
990 0.0137 0.7640
991 0.0137 0.7650
992 0.0137 0.7630
993 0.0137 0.7650
994 0.0137 0.7630
995 0.0137 0.7650
996 0.0137 0.7650
997 0.0137 0.7640
998 0.0137 0.7640
999 0.0137 0.7630
1000 0.0137 0.7650
1001 0.0137 0.7630
1002 0.0137 0.7650
1003 0.0137 0.7650
1004 0.0137 0.7630
1005 0.0137 0.7650
1006 0.0137 0.7630
1007 0.0137 0.7650
1008 0.0137 0.7630
1009 0.0137 0.7650
1010 0.0137 0.7630
1011 0.0137 0.7650
1012 0.0137 0.7640
1013 0.0137 0.7650
1014 0.0137 0.7650
1015 0.0137 0.7650
1016 0.0137 0.7650
1017 0.0137 0.7640
1018 0.0137 0.7650
1019 0.0137 0.7650
1020 0.0137 0.7650
1021 0.0137 0.7630
1022 0.0137 0.7650
1023 0.0137 0.7630
1024 0.0137 0.7640
1025 0.0137 0.7630
1026 0.0137 0.7650
1027 0.0137 0.7650
1028 0.0137 0.7650
1029 0.0137 0.7650
1030 0.0137 0.7640
1031 0.0137 0.7640
1032 0.0137 0.7620
1033 0.0137 0.7650
1034 0.0137 0.7630
1035 0.0137 0.7640
1036 0.0137 0.7650
1037 0.0137 0.7640
1038 0.0137 0.7650
1039 0.0137 0.7630
1040 0.0137 0.7640
1041 0.0137 0.7630
1042 0.0137 0.7650
1043 0.0137 0.7650
1044 0.0137 0.7650
1045 0.0137 0.7650
1046 0.0137 0.7630
1047 0.0137 0.7630
1048 0.0137 0.7620
1049 0.0137 0.7650
1050 0.0137 0.7650
1051 0.0137 0.7650
1052 0.0137 0.7650
1053 0.0137 0.7650
1054 0.0137 0.7650
1055 0.0137 0.7650
1056 0.0137 0.7650
1057 0.0137 0.7620
1058 0.0137 0.7650
1059 0.0137 0.7630
1060 0.0137 0.7650
1061 0.0137 0.7630
1062 0.0137 0.7650
1063 0.0137 0.7650
1064 0.0137 0.7650
1065 0.0137 0.7640
1066 0.0137 0.7650
1067 0.0137 0.7650
1068 0.0137 0.7650
1069 0.0137 0.7630
1070 0.0137 0.7650
1071 0.0137 0.7650
1072 0.0137 0.7650
1073 0.0137 0.7650
1074 0.0137 0.7630
1075 0.0137 0.7650
1076 0.0137 0.7640
1077 0.0137 0.7650
1078 0.0137 0.7650
1079 0.0137 0.7630
1080 0.0137 0.7630
1081 0.0137 0.7630
1082 0.0137 0.7660
1083 0.0137 0.7630
1084 0.0137 0.7660
1085 0.0137 0.7630
1086 0.0137 0.7650
1087 0.0137 0.7650
1088 0.0137 0.7630
1089 0.0137 0.7650
1090 0.0137 0.7630
1091 0.0137 0.7660
1092 0.0137 0.7630
1093 0.0137 0.7650
1094 0.0137 0.7630
1095 0.0137 0.7650
1096 0.0137 0.7650
1097 0.0137 0.7630
1098 0.0137 0.7650
1099 0.0137 0.7630
1100 0.0137 0.7650
1101 0.0137 0.7630
1102 0.0137 0.7650
1103 0.0137 0.7650
1104 0.0137 0.7630
1105 0.0137 0.7650
1106 0.0137 0.7620
1107 0.0137 0.7650
1108 0.0137 0.7630
1109 0.0137 0.7630
1110 0.0137 0.7620
1111 0.0137 0.7650
1112 0.0137 0.7650
1113 0.0137 0.7650
1114 0.0137 0.7640
1115 0.0137 0.7630
1116 0.0137 0.7650
1117 0.0137 0.7630
1118 0.0137 0.7650
1119 0.0137 0.7630
1120 0.0137 0.7650
1121 0.0137 0.7650
1122 0.0137 0.7620
1123 0.0137 0.7650
1124 0.0137 0.7630
1125 0.0137 0.7650
1126 0.0137 0.7630
1127 0.0137 0.7650
1128 0.0137 0.7630
1129 0.0137 0.7650
1130 0.0137 0.7650
1131 0.0137 0.7650
1132 0.0137 0.7650
1133 0.0137 0.7630
1134 0.0137 0.7660
1135 0.0137 0.7630
1136 0.0137 0.7650
1137 0.0137 0.7630
1138 0.0137 0.7650
1139 0.0137 0.7630
1140 0.0137 0.7650
1141 0.0137 0.7650
1142 0.0137 0.7650
1143 0.0137 0.7650
1144 0.0137 0.7650
1145 0.0137 0.7650
1146 0.0137 0.7650
1147 0.0137 0.7650
1148 0.0137 0.7630
1149 0.0137 0.7650
1150 0.0137 0.7630
1151 0.0137 0.7650
1152 0.0137 0.7650
1153 0.0137 0.7650
1154 0.0137 0.7640
1155 0.0137 0.7650
1156 0.0137 0.7630
1157 0.0137 0.7650
1158 0.0137 0.7630
1159 0.0137 0.7650
1160 0.0137 0.7630
1161 0.0137 0.7630
1162 0.0137 0.7630
1163 0.0137 0.7640
1164 0.0137 0.7630
1165 0.0137 0.7650
1166 0.0137 0.7630
1167 0.0137 0.7650
1168 0.0137 0.7630
1169 0.0137 0.7650
1170 0.0137 0.7640
1171 0.0137 0.7650
1172 0.0137 0.7630
1173 0.0137 0.7650
1174 0.0137 0.7630
1175 0.0137 0.7650
1176 0.0137 0.7630
1177 0.0137 0.7660
1178 0.0137 0.7630
1179 0.0137 0.7660
1180 0.0137 0.7630
1181 0.0137 0.7640
1182 0.0137 0.7640
1183 0.0137 0.7650
1184 0.0137 0.7650
1185 0.0137 0.7630
1186 0.0137 0.7660
1187 0.0137 0.7630
1188 0.0137 0.7650
1189 0.0137 0.7630
1190 0.0137 0.7650
1191 0.0137 0.7630
1192 0.0137 0.7650
1193 0.0137 0.7620
1194 0.0137 0.7650
1195 0.0137 0.7650
1196 0.0137 0.7650
1197 0.0137 0.7640
1198 0.0137 0.7630
1199 0.0137 0.7650
1200 0.0137 0.7630
1201 0.0137 0.7660
1202 0.0137 0.7630
1203 0.0137 0.7660
1204 0.0137 0.7630
1205 0.0137 0.7640
1206 0.0137 0.7640
1207 0.0137 0.7630
1208 0.0137 0.7650
1209 0.0137 0.7630
1210 0.0137 0.7650
1211 0.0137 0.7630
1212 0.0137 0.7650
1213 0.0137 0.7630
1214 0.0137 0.7650
1215 0.0137 0.7630
1216 0.0137 0.7650
1217 0.0137 0.7650
1218 0.0137 0.7630
1219 0.0137 0.7650
1220 0.0137 0.7630
1221 0.0137 0.7650
1222 0.0137 0.7630
1223 0.0137 0.7650
1224 0.0137 0.7630
1225 0.0137 0.7650
1226 0.0137 0.7630
1227 0.0137 0.7650
1228 0.0137 0.7650
1229 0.0137 0.7650
1230 0.0137 0.7650
1231 0.0137 0.7630
1232 0.0137 0.7650
1233 0.0137 0.7630
1234 0.0137 0.7650
1235 0.0137 0.7630
1236 0.0137 0.7630
1237 0.0137 0.7640
1238 0.0137 0.7650
1239 0.0137 0.7630
1240 0.0137 0.7650
1241 0.0137 0.7650
1242 0.0137 0.7650
1243 0.0137 0.7650
1244 0.0137 0.7640
1245 0.0137 0.7650
1246 0.0137 0.7630
1247 0.0137 0.7640
1248 0.0137 0.7630
1249 0.0137 0.7650
1250 0.0137 0.7630
1251 0.0137 0.7660
1252 0.0137 0.7630
1253 0.0137 0.7650
1254 0.0137 0.7630
1255 0.0137 0.7630
1256 0.0137 0.7660
1257 0.0137 0.7620
1258 0.0137 0.7650
1259 0.0137 0.7630
1260 0.0137 0.7650
1261 0.0137 0.7630
1262 0.0137 0.7650
1263 0.0137 0.7630
1264 0.0137 0.7650
1265 0.0137 0.7650
1266 0.0137 0.7630
1267 0.0137 0.7650
1268 0.0137 0.7630
1269 0.0137 0.7650
1270 0.0137 0.7630
1271 0.0137 0.7660
1272 0.0137 0.7630
1273 0.0137 0.7660
1274 0.0137 0.7630
1275 0.0137 0.7650
1276 0.0137 0.7650
1277 0.0137 0.7630
1278 0.0137 0.7650
1279 0.0137 0.7630
1280 0.0137 0.7660
1281 0.0137 0.7630
1282 0.0137 0.7660
1283 0.0137 0.7630
1284 0.0137 0.7650
1285 0.0137 0.7630
1286 0.0137 0.7650
1287 0.0137 0.7650
1288 0.0137 0.7630
1289 0.0137 0.7660
1290 0.0137 0.7630
1291 0.0137 0.7640
1292 0.0137 0.7630
1293 0.0137 0.7650
1294 0.0137 0.7630
1295 0.0137 0.7650
1296 0.0137 0.7630
1297 0.0137 0.7650
1298 0.0137 0.7630
1299 0.0137 0.7650
1300 0.0137 0.7650
1301 0.0137 0.7630
1302 0.0137 0.7650
1303 0.0137 0.7630
1304 0.0137 0.7650
1305 0.0137 0.7630
1306 0.0137 0.7650
1307 0.0137 0.7630
1308 0.0137 0.7660
1309 0.0137 0.7630
1310 0.0137 0.7650
1311 0.0137 0.7640
1312 0.0137 0.7630
1313 0.0137 0.7650
1314 0.0137 0.7630
1315 0.0137 0.7650
1316 0.0137 0.7630
1317 0.0137 0.7640
1318 0.0137 0.7630
1319 0.0137 0.7650
1320 0.0137 0.7650
1321 0.0137 0.7650
1322 0.0137 0.7650
1323 0.0137 0.7630
1324 0.0137 0.7650
1325 0.0137 0.7630
1326 0.0137 0.7660
1327 0.0137 0.7630
1328 0.0137 0.7650
1329 0.0137 0.7640
1330 0.0137 0.7650
1331 0.0137 0.7650
1332 0.0137 0.7630
1333 0.0137 0.7650
1334 0.0137 0.7630
1335 0.0137 0.7650
1336 0.0137 0.7630
1337 0.0137 0.7650
1338 0.0137 0.7650
1339 0.0137 0.7650
1340 0.0137 0.7650
1341 0.0137 0.7650
1342 0.0137 0.7650
1343 0.0137 0.7650
1344 0.0137 0.7650
1345 0.0137 0.7630
1346 0.0137 0.7650
1347 0.0137 0.7630
1348 0.0137 0.7650
1349 0.0137 0.7630
1350 0.0137 0.7650
1351 0.0137 0.7630
1352 0.0137 0.7660
1353 0.0137 0.7630
1354 0.0137 0.7660
1355 0.0137 0.7630
1356 0.0137 0.7660
1357 0.0137 0.7630
1358 0.0137 0.7650
1359 0.0137 0.7630
1360 0.0137 0.7660
1361 0.0137 0.7630
1362 0.0137 0.7650
1363 0.0137 0.7650
1364 0.0137 0.7640
1365 0.0137 0.7650
1366 0.0137 0.7630
1367 0.0137 0.7660
1368 0.0137 0.7630
1369 0.0137 0.7650
1370 0.0137 0.7630
1371 0.0137 0.7660
1372 0.0137 0.7630
1373 0.0137 0.7660
1374 0.0137 0.7630
1375 0.0137 0.7640
1376 0.0137 0.7620
1377 0.0137 0.7650
1378 0.0137 0.7650
1379 0.0137 0.7640
1380 0.0137 0.7650
1381 0.0137 0.7640
1382 0.0137 0.7650
1383 0.0137 0.7650
1384 0.0137 0.7650
1385 0.0137 0.7650
1386 0.0137 0.7650
1387 0.0137 0.7630
1388 0.0137 0.7650
1389 0.0137 0.7630
1390 0.0137 0.7650
1391 0.0137 0.7630
1392 0.0137 0.7650
1393 0.0137 0.7630
1394 0.0137 0.7640
1395 0.0137 0.7630
1396 0.0137 0.7650
1397 0.0137 0.7630
1398 0.0137 0.7650
1399 0.0137 0.7630
1400 0.0137 0.7640
1401 0.0137 0.7630
1402 0.0137 0.7650
1403 0.0137 0.7630
1404 0.0137 0.7650
1405 0.0137 0.7630
1406 0.0137 0.7650
1407 0.0137 0.7630
1408 0.0137 0.7650
1409 0.0137 0.7630
1410 0.0137 0.7650
1411 0.0137 0.7630
1412 0.0137 0.7650
1413 0.0137 0.7630
1414 0.0137 0.7650
1415 0.0137 0.7630
1416 0.0137 0.7650
1417 0.0137 0.7630
1418 0.0137 0.7650
1419 0.0137 0.7630
1420 0.0137 0.7650
1421 0.0137 0.7630
1422 0.0137 0.7650
1423 0.0137 0.7650
1424 0.0137 0.7650
1425 0.0137 0.7630
1426 0.0137 0.7650
1427 0.0137 0.7640
1428 0.0137 0.7650
1429 0.0137 0.7630
1430 0.0137 0.7650
1431 0.0137 0.7640
1432 0.0137 0.7650
1433 0.0137 0.7630
1434 0.0137 0.7660
1435 0.0137 0.7630
1436 0.0137 0.7670
1437 0.0137 0.7640
1438 0.0137 0.7650
1439 0.0137 0.7610
1440 0.0137 0.7640
1441 0.0137 0.7620
1442 0.0137 0.7670
1443 0.0137 0.7630
1444 0.0136 0.7650
1445 0.0136 0.7650
1446 0.0137 0.7630
1447 0.0137 0.7670
1448 0.0138 0.7650
1449 0.0137 0.7640
1450 0.0137 0.7640
1451 0.0137 0.7660
1452 0.0137 0.7630
1453 0.0137 0.7650
1454 0.0136 0.7650
1455 0.0136 0.7630
1456 0.0137 0.7660
1457 0.0137 0.7630
1458 0.0137 0.7650
1459 0.0137 0.7630
1460 0.0137 0.7660
1461 0.0137 0.7630
1462 0.0137 0.7650
1463 0.0137 0.7650
1464 0.0137 0.7630
1465 0.0137 0.7660
1466 0.0137 0.7630
1467 0.0137 0.7660
1468 0.0137 0.7630
1469 0.0137 0.7650
1470 0.0137 0.7630
1471 0.0137 0.7650
1472 0.0137 0.7650
1473 0.0137 0.7630
1474 0.0137 0.7650
1475 0.0137 0.7630
1476 0.0137 0.7650
1477 0.0137 0.7630
1478 0.0137 0.7650
1479 0.0137 0.7630
1480 0.0137 0.7650
1481 0.0137 0.7650
1482 0.0137 0.7640
1483 0.0137 0.7650
1484 0.0137 0.7630
1485 0.0137 0.7640
1486 0.0137 0.7630
1487 0.0137 0.7670
1488 0.0137 0.7630
1489 0.0137 0.7650
1490 0.0137 0.7620
1491 0.0137 0.7650
1492 0.0137 0.7640
1493 0.0137 0.7650
1494 0.0137 0.7640
1495 0.0137 0.7650
1496 0.0137 0.7630
1497 0.0137 0.7650
1498 0.0137 0.7650
1499 0.0137 0.7640
1500 0.0137 0.7650
1501 0.0137 0.7620
1502 0.0137 0.7650
1503 0.0137 0.7630
1504 0.0137 0.7650
1505 0.0137 0.7630
1506 0.0137 0.7640
1507 0.0137 0.7630
1508 0.0137 0.7650
1509 0.0137 0.7650
1510 0.0137 0.7640
1511 0.0137 0.7650
1512 0.0137 0.7630
1513 0.0137 0.7650
1514 0.0137 0.7630
1515 0.0137 0.7660
1516 0.0137 0.7630
1517 0.0137 0.7650
1518 0.0137 0.7630
1519 0.0137 0.7650
1520 0.0137 0.7650
1521 0.0137 0.7630
1522 0.0137 0.7660
1523 0.0137 0.7630
1524 0.0137 0.7650
1525 0.0137 0.7630
1526 0.0137 0.7650
1527 0.0137 0.7630
1528 0.0137 0.7660
1529 0.0137 0.7630
1530 0.0137 0.7650
1531 0.0137 0.7640
1532 0.0137 0.7640
1533 0.0137 0.7650
1534 0.0137 0.7630
1535 0.0137 0.7650
1536 0.0137 0.7630
1537 0.0137 0.7650
1538 0.0137 0.7630
1539 0.0137 0.7650
1540 0.0137 0.7630
1541 0.0137 0.7650
1542 0.0137 0.7630
1543 0.0137 0.7650
1544 0.0137 0.7640
1545 0.0137 0.7650
1546 0.0137 0.7640
1547 0.0137 0.7650
1548 0.0137 0.7630
1549 0.0137 0.7650
1550 0.0137 0.7640
1551 0.0137 0.7640
1552 0.0137 0.7630
1553 0.0137 0.7640
1554 0.0137 0.7630
1555 0.0137 0.7660
1556 0.0137 0.7630
1557 0.0137 0.7650
1558 0.0137 0.7630
1559 0.0137 0.7650
1560 0.0137 0.7630
1561 0.0137 0.7650
1562 0.0137 0.7630
1563 0.0137 0.7650
1564 0.0137 0.7630
1565 0.0137 0.7650
1566 0.0137 0.7630
1567 0.0137 0.7650
1568 0.0137 0.7650
1569 0.0137 0.7640
1570 0.0137 0.7650
1571 0.0137 0.7640
1572 0.0137 0.7650
1573 0.0137 0.7640
1574 0.0137 0.7650
1575 0.0137 0.7640
1576 0.0137 0.7650
1577 0.0137 0.7650
1578 0.0137 0.7640
1579 0.0137 0.7650
1580 0.0137 0.7640
1581 0.0137 0.7650
1582 0.0137 0.7630
1583 0.0137 0.7650
1584 0.0137 0.7630
1585 0.0137 0.7640
1586 0.0137 0.7630
1587 0.0137 0.7650
1588 0.0137 0.7630
1589 0.0137 0.7660
1590 0.0137 0.7630
1591 0.0137 0.7650
1592 0.0137 0.7630
1593 0.0137 0.7660
1594 0.0137 0.7630
1595 0.0137 0.7660
1596 0.0137 0.7630
1597 0.0137 0.7640
1598 0.0137 0.7630
1599 0.0137 0.7650
1600 0.0137 0.7630
1601 0.0137 0.7650
1602 0.0137 0.7640
1603 0.0137 0.7640
1604 0.0137 0.7650
1605 0.0137 0.7640
1606 0.0137 0.7650
1607 0.0137 0.7630
1608 0.0137 0.7650
1609 0.0137 0.7630
1610 0.0137 0.7650
1611 0.0137 0.7630
1612 0.0137 0.7670
1613 0.0137 0.7630
1614 0.0137 0.7670
1615 0.0137 0.7650
1616 0.0137 0.7660
1617 0.0137 0.7630
1618 0.0137 0.7650
1619 0.0136 0.7630
1620 0.0137 0.7650
1621 0.0137 0.7640
1622 0.0137 0.7650
1623 0.0137 0.7650
1624 0.0137 0.7620
1625 0.0137 0.7650
1626 0.0137 0.7630
1627 0.0137 0.7650
1628 0.0137 0.7630
1629 0.0137 0.7660
1630 0.0137 0.7630
1631 0.0137 0.7650
1632 0.0137 0.7630
1633 0.0137 0.7660
1634 0.0137 0.7630
1635 0.0137 0.7670
1636 0.0136 0.7640
1637 0.0137 0.7630
1638 0.0137 0.7640
1639 0.0137 0.7630
1640 0.0137 0.7670
1641 0.0137 0.7630
1642 0.0137 0.7670
1643 0.0137 0.7630
1644 0.0137 0.7650
1645 0.0137 0.7620
1646 0.0137 0.7640
1647 0.0137 0.7670
1648 0.0137 0.7630
1649 0.0137 0.7650
1650 0.0137 0.7630
1651 0.0137 0.7660
1652 0.0137 0.7630
1653 0.0137 0.7660
1654 0.0137 0.7630
1655 0.0137 0.7650
1656 0.0136 0.7650
1657 0.0137 0.7630
1658 0.0137 0.7660
1659 0.0137 0.7630
1660 0.0137 0.7670
1661 0.0137 0.7630
1662 0.0137 0.7650
1663 0.0137 0.7630
1664 0.0137 0.7650
1665 0.0137 0.7650
1666 0.0137 0.7630
1667 0.0137 0.7650
1668 0.0137 0.7630
1669 0.0137 0.7660
1670 0.0137 0.7630
1671 0.0137 0.7650
1672 0.0137 0.7630
1673 0.0137 0.7650
1674 0.0137 0.7640
1675 0.0137 0.7630
1676 0.0137 0.7650
1677 0.0137 0.7630
1678 0.0137 0.7640
1679 0.0137 0.7630
1680 0.0137 0.7660
1681 0.0137 0.7630
1682 0.0137 0.7660
1683 0.0137 0.7630
1684 0.0137 0.7650
1685 0.0137 0.7640
1686 0.0137 0.7650
1687 0.0137 0.7650
1688 0.0137 0.7630
1689 0.0137 0.7650
1690 0.0137 0.7630
1691 0.0137 0.7660
1692 0.0137 0.7630
1693 0.0137 0.7660
1694 0.0137 0.7630
1695 0.0137 0.7640
1696 0.0137 0.7630
1697 0.0137 0.7650
1698 0.0137 0.7650
1699 0.0137 0.7650
1700 0.0137 0.7650
1701 0.0137 0.7640
1702 0.0137 0.7640
1703 0.0137 0.7650
1704 0.0137 0.7650
1705 0.0137 0.7650
1706 0.0137 0.7650
1707 0.0137 0.7630
1708 0.0137 0.7650
1709 0.0137 0.7630
1710 0.0137 0.7660
1711 0.0137 0.7630
1712 0.0137 0.7650
1713 0.0137 0.7630
1714 0.0137 0.7660
1715 0.0137 0.7630
1716 0.0137 0.7650
1717 0.0137 0.7630
1718 0.0137 0.7650
1719 0.0137 0.7640
1720 0.0137 0.7650
1721 0.0137 0.7650
1722 0.0137 0.7650
1723 0.0137 0.7630
1724 0.0137 0.7650
1725 0.0137 0.7630
1726 0.0137 0.7650
1727 0.0137 0.7630
1728 0.0137 0.7660
1729 0.0137 0.7620
1730 0.0137 0.7660
1731 0.0137 0.7630
1732 0.0137 0.7660
1733 0.0137 0.7630
1734 0.0137 0.7640
1735 0.0137 0.7650
1736 0.0137 0.7630
1737 0.0137 0.7650
1738 0.0137 0.7630
1739 0.0137 0.7650
1740 0.0137 0.7630
1741 0.0137 0.7650
1742 0.0137 0.7630
1743 0.0137 0.7660
1744 0.0136 0.7640
1745 0.0137 0.7650
1746 0.0137 0.7630
1747 0.0137 0.7650
1748 0.0137 0.7650
1749 0.0137 0.7640
1750 0.0137 0.7650
1751 0.0137 0.7630
1752 0.0137 0.7650
1753 0.0137 0.7630
1754 0.0137 0.7660
1755 0.0137 0.7630
1756 0.0137 0.7660
1757 0.0137 0.7630
1758 0.0137 0.7650
1759 0.0137 0.7630
1760 0.0137 0.7650
1761 0.0137 0.7630
1762 0.0137 0.7650
1763 0.0137 0.7640
1764 0.0137 0.7640
1765 0.0137 0.7650
1766 0.0137 0.7640
1767 0.0137 0.7650
1768 0.0137 0.7640
1769 0.0137 0.7640
1770 0.0137 0.7640
1771 0.0137 0.7650
1772 0.0137 0.7640
1773 0.0137 0.7640
1774 0.0137 0.7650
1775 0.0137 0.7630
1776 0.0137 0.7660
1777 0.0137 0.7630
1778 0.0137 0.7650
1779 0.0137 0.7630
1780 0.0137 0.7660
1781 0.0137 0.7630
1782 0.0137 0.7650
1783 0.0137 0.7630
1784 0.0137 0.7650
1785 0.0137 0.7630
1786 0.0137 0.7660
1787 0.0137 0.7630
1788 0.0137 0.7650
1789 0.0137 0.7640
1790 0.0137 0.7650
1791 0.0137 0.7650
1792 0.0137 0.7640
1793 0.0137 0.7650
1794 0.0137 0.7630
1795 0.0137 0.7650
1796 0.0137 0.7630
1797 0.0137 0.7670
1798 0.0137 0.7630
1799 0.0137 0.7660
1800 0.0137 0.7630
1801 0.0137 0.7650
1802 0.0137 0.7630
1803 0.0137 0.7670
1804 0.0136 0.7630
1805 0.0137 0.7640
1806 0.0137 0.7640
1807 0.0137 0.7640
1808 0.0137 0.7650
1809 0.0137 0.7630
1810 0.0137 0.7650
1811 0.0137 0.7630
1812 0.0137 0.7650
1813 0.0137 0.7630
1814 0.0137 0.7660
1815 0.0137 0.7630
1816 0.0137 0.7650
1817 0.0137 0.7630
1818 0.0137 0.7650
1819 0.0137 0.7640
1820 0.0137 0.7640
1821 0.0137 0.7650
1822 0.0137 0.7630
1823 0.0137 0.7650
1824 0.0137 0.7640
1825 0.0137 0.7660
1826 0.0137 0.7630
1827 0.0137 0.7650
1828 0.0137 0.7630
1829 0.0137 0.7650
1830 0.0137 0.7630
1831 0.0136 0.7650
1832 0.0136 0.7650
1833 0.0137 0.7630
1834 0.0137 0.7640
1835 0.0137 0.7630
1836 0.0137 0.7670
1837 0.0137 0.7620
1838 0.0137 0.7670
1839 0.0137 0.7630
1840 0.0137 0.7650
1841 0.0137 0.7630
1842 0.0137 0.7640
1843 0.0137 0.7650
1844 0.0137 0.7630
1845 0.0137 0.7650
1846 0.0137 0.7640
1847 0.0137 0.7670
1848 0.0137 0.7620
1849 0.0137 0.7660
1850 0.0136 0.7630
1851 0.0136 0.7650
1852 0.0136 0.7640
1853 0.0137 0.7630
1854 0.0137 0.7650
1855 0.0137 0.7620
1856 0.0137 0.7640
1857 0.0137 0.7630
1858 0.0137 0.7660
1859 0.0137 0.7630
1860 0.0137 0.7660
1861 0.0136 0.7630
1862 0.0136 0.7640
1863 0.0137 0.7650
1864 0.0137 0.7630
1865 0.0137 0.7650
1866 0.0137 0.7630
1867 0.0137 0.7650
1868 0.0137 0.7630
1869 0.0137 0.7650
1870 0.0137 0.7630
1871 0.0137 0.7650
1872 0.0136 0.7630
1873 0.0137 0.7640
1874 0.0137 0.7650
1875 0.0137 0.7630
1876 0.0137 0.7670
1877 0.0137 0.7630
1878 0.0137 0.7650
1879 0.0137 0.7630
1880 0.0137 0.7650
1881 0.0137 0.7630
1882 0.0137 0.7650
1883 0.0137 0.7630
1884 0.0137 0.7640
1885 0.0137 0.7640
1886 0.0137 0.7640
1887 0.0137 0.7650
1888 0.0137 0.7630
1889 0.0137 0.7650
1890 0.0137 0.7630
1891 0.0137 0.7640
1892 0.0137 0.7630
1893 0.0137 0.7660
1894 0.0137 0.7620
1895 0.0137 0.7650
1896 0.0137 0.7630
1897 0.0137 0.7650
1898 0.0137 0.7630
1899 0.0137 0.7650
1900 0.0137 0.7630
1901 0.0137 0.7650
1902 0.0137 0.7630
1903 0.0137 0.7650
1904 0.0137 0.7640
1905 0.0137 0.7650
1906 0.0137 0.7630
1907 0.0137 0.7650
1908 0.0137 0.7630
1909 0.0137 0.7650
1910 0.0137 0.7630
1911 0.0137 0.7650
1912 0.0137 0.7630
1913 0.0137 0.7650
1914 0.0137 0.7630
1915 0.0137 0.7650
1916 0.0137 0.7640
1917 0.0137 0.7640
1918 0.0137 0.7640
1919 0.0137 0.7640
1920 0.0137 0.7650
1921 0.0137 0.7630
1922 0.0137 0.7650
1923 0.0137 0.7640
1924 0.0137 0.7640
1925 0.0137 0.7630
1926 0.0137 0.7660
1927 0.0137 0.7630
1928 0.0137 0.7650
1929 0.0137 0.7630
1930 0.0137 0.7660
1931 0.0137 0.7630
1932 0.0137 0.7660
1933 0.0137 0.7630
1934 0.0137 0.7660
1935 0.0137 0.7630
1936 0.0137 0.7660
1937 0.0137 0.7630
1938 0.0137 0.7650
1939 0.0137 0.7630
1940 0.0137 0.7650
1941 0.0137 0.7630
1942 0.0137 0.7650
1943 0.0137 0.7640
1944 0.0137 0.7650
1945 0.0137 0.7630
1946 0.0137 0.7650
1947 0.0137 0.7630
1948 0.0137 0.7650
1949 0.0137 0.7630
1950 0.0137 0.7650
1951 0.0137 0.7630
1952 0.0137 0.7650
1953 0.0137 0.7630
1954 0.0137 0.7650
1955 0.0137 0.7620
1956 0.0137 0.7650
1957 0.0137 0.7630
1958 0.0137 0.7650
1959 0.0137 0.7630
1960 0.0137 0.7650
1961 0.0137 0.7640
1962 0.0137 0.7640
1963 0.0137 0.7650
1964 0.0137 0.7640
1965 0.0137 0.7650
1966 0.0137 0.7630
1967 0.0137 0.7660
1968 0.0137 0.7630
1969 0.0137 0.7660
1970 0.0137 0.7630
1971 0.0137 0.7660
1972 0.0137 0.7610
1973 0.0137 0.7650
1974 0.0137 0.7640
1975 0.0137 0.7660
1976 0.0137 0.7630
1977 0.0137 0.7650
1978 0.0137 0.7630
1979 0.0137 0.7640
1980 0.0137 0.7650
1981 0.0137 0.7630
1982 0.0137 0.7660
1983 0.0137 0.7620
1984 0.0137 0.7660
1985 0.0137 0.7640
1986 0.0137 0.7660
1987 0.0137 0.7630
1988 0.0137 0.7650
1989 0.0136 0.7630
1990 0.0137 0.7640
1991 0.0137 0.7640
1992 0.0137 0.7640
1993 0.0137 0.7650
1994 0.0137 0.7630
1995 0.0137 0.7640
1996 0.0137 0.7630
1997 0.0137 0.7660
1998 0.0137 0.7630
1999 0.0137 0.7650
