00 1.9504 0.5820
01 1.8092 0.7300
02 1.5396 0.7740
03 1.2204 0.7790
04 0.9080 0.7840
05 0.6420 0.7910
06 0.4345 0.7950
07 0.2841 0.7940
08 0.1828 0.7920
09 0.1178 0.7900
10 0.0766 0.7930
11 0.0502 0.7920
12 0.0331 0.7940
13 0.0221 0.7890
14 0.0151 0.7900
15 0.0105 0.7880
16 0.0074 0.7780
17 0.0053 0.7740
18 0.0038 0.7700
19 0.0028 0.7650
20 0.0022 0.7630
21 0.0017 0.7600
22 0.0015 0.7620
23 0.0013 0.7610
24 0.0011 0.7600
25 0.0010 0.7590
26 0.0009 0.7570
27 0.0009 0.7560
28 0.0008 0.7540
29 0.0008 0.7540
30 0.0008 0.7540
31 0.0008 0.7540
32 0.0008 0.7540
33 0.0008 0.7550
34 0.0008 0.7570
35 0.0008 0.7580
36 0.0009 0.7600
37 0.0010 0.7610
38 0.0010 0.7610
39 0.0011 0.7630
40 0.0012 0.7640
41 0.0014 0.7640
42 0.0015 0.7660
43 0.0017 0.7650
44 0.0019 0.7680
45 0.0020 0.7700
46 0.0023 0.7740
47 0.0025 0.7750
48 0.0027 0.7750
49 0.0030 0.7750
50 0.0032 0.7780
51 0.0035 0.7780
52 0.0038 0.7790
53 0.0041 0.7810
54 0.0043 0.7820
55 0.0046 0.7840
56 0.0048 0.7840
57 0.0051 0.7850
58 0.0053 0.7860
59 0.0055 0.7860
60 0.0057 0.7870
61 0.0058 0.7870
62 0.0059 0.7890
63 0.0061 0.7890
64 0.0061 0.7880
65 0.0062 0.7880
66 0.0062 0.7870
67 0.0062 0.7870
68 0.0062 0.7870
69 0.0062 0.7870
70 0.0062 0.7870
71 0.0061 0.7860
72 0.0061 0.7880
73 0.0060 0.7900
74 0.0060 0.7890
75 0.0059 0.7890
76 0.0058 0.7880
77 0.0058 0.7880
78 0.0057 0.7890
79 0.0057 0.7890
80 0.0056 0.7870
81 0.0056 0.7860
82 0.0055 0.7850
83 0.0055 0.7850
84 0.0054 0.7860
85 0.0054 0.7850
86 0.0054 0.7850
87 0.0054 0.7840
88 0.0053 0.7840
89 0.0053 0.7840
90 0.0053 0.7840
91 0.0053 0.7840
92 0.0053 0.7840
93 0.0052 0.7830
94 0.0052 0.7830
95 0.0052 0.7820
96 0.0052 0.7820
97 0.0052 0.7820
98 0.0051 0.7830
99 0.0051 0.7820
100 0.0051 0.7810
101 0.0051 0.7810
102 0.0050 0.7800
103 0.0050 0.7800
104 0.0050 0.7790
105 0.0050 0.7790
106 0.0049 0.7790
107 0.0049 0.7780
108 0.0049 0.7790
109 0.0049 0.7780
110 0.0049 0.7780
111 0.0048 0.7780
112 0.0048 0.7780
113 0.0048 0.7790
114 0.0048 0.7790
115 0.0047 0.7770
116 0.0047 0.7760
117 0.0047 0.7750
118 0.0047 0.7750
119 0.0046 0.7740
120 0.0046 0.7740
121 0.0046 0.7740
122 0.0046 0.7740
123 0.0046 0.7750
124 0.0045 0.7750
125 0.0045 0.7750
126 0.0045 0.7750
127 0.0045 0.7750
128 0.0045 0.7760
129 0.0044 0.7760
130 0.0044 0.7760
131 0.0044 0.7760
132 0.0044 0.7760
133 0.0044 0.7760
134 0.0043 0.7760
135 0.0043 0.7760
136 0.0043 0.7760
137 0.0043 0.7760
138 0.0043 0.7770
139 0.0043 0.7760
140 0.0042 0.7760
141 0.0042 0.7760
142 0.0042 0.7760
143 0.0042 0.7770
144 0.0042 0.7770
145 0.0041 0.7760
146 0.0041 0.7770
147 0.0041 0.7770
148 0.0041 0.7780
149 0.0041 0.7780
150 0.0041 0.7790
151 0.0040 0.7790
152 0.0040 0.7790
153 0.0040 0.7790
154 0.0040 0.7790
155 0.0040 0.7780
156 0.0040 0.7790
157 0.0040 0.7790
158 0.0040 0.7790
159 0.0039 0.7790
160 0.0039 0.7780
161 0.0039 0.7780
162 0.0039 0.7780
163 0.0039 0.7780
164 0.0039 0.7770
165 0.0039 0.7760
166 0.0039 0.7760
167 0.0038 0.7750
168 0.0038 0.7760
169 0.0038 0.7760
170 0.0038 0.7750
171 0.0038 0.7750
172 0.0038 0.7750
173 0.0038 0.7750
174 0.0038 0.7760
175 0.0038 0.7760
176 0.0037 0.7760
177 0.0037 0.7770
178 0.0037 0.7770
179 0.0037 0.7770
180 0.0037 0.7760
181 0.0037 0.7760
182 0.0037 0.7760
183 0.0037 0.7760
184 0.0036 0.7750
185 0.0036 0.7750
186 0.0036 0.7760
187 0.0036 0.7760
188 0.0036 0.7760
189 0.0036 0.7770
190 0.0036 0.7770
191 0.0036 0.7760
192 0.0036 0.7760
193 0.0036 0.7760
194 0.0036 0.7750
195 0.0036 0.7740
196 0.0036 0.7740
197 0.0036 0.7740
198 0.0036 0.7740
199 0.0036 0.7740
200 0.0036 0.7740
201 0.0035 0.7740
202 0.0035 0.7740
203 0.0035 0.7740
204 0.0035 0.7750
205 0.0035 0.7740
206 0.0035 0.7720
207 0.0035 0.7720
208 0.0035 0.7720
209 0.0035 0.7720
210 0.0035 0.7720
211 0.0035 0.7720
212 0.0035 0.7730
213 0.0034 0.7730
214 0.0034 0.7730
215 0.0034 0.7730
216 0.0034 0.7730
217 0.0034 0.7730
218 0.0034 0.7730
219 0.0034 0.7730
220 0.0034 0.7730
221 0.0034 0.7730
222 0.0034 0.7730
223 0.0034 0.7730
224 0.0034 0.7730
225 0.0034 0.7720
226 0.0034 0.7720
227 0.0034 0.7720
228 0.0034 0.7720
229 0.0034 0.7720
230 0.0034 0.7710
231 0.0033 0.7710
232 0.0033 0.7710
233 0.0033 0.7710
234 0.0033 0.7710
235 0.0033 0.7700
236 0.0033 0.7700
237 0.0033 0.7700
238 0.0033 0.7720
239 0.0033 0.7720
240 0.0033 0.7720
241 0.0033 0.7720
242 0.0033 0.7710
243 0.0033 0.7710
244 0.0033 0.7700
245 0.0033 0.7700
246 0.0033 0.7690
247 0.0033 0.7710
248 0.0033 0.7710
249 0.0033 0.7720
250 0.0033 0.7720
251 0.0033 0.7720
252 0.0032 0.7720
253 0.0032 0.7720
254 0.0032 0.7720
255 0.0032 0.7720
256 0.0032 0.7710
257 0.0032 0.7710
258 0.0032 0.7710
259 0.0032 0.7710
260 0.0032 0.7710
261 0.0032 0.7690
262 0.0032 0.7690
263 0.0032 0.7680
264 0.0032 0.7680
265 0.0032 0.7680
266 0.0032 0.7680
267 0.0032 0.7680
268 0.0032 0.7680
269 0.0032 0.7680
270 0.0032 0.7680
271 0.0032 0.7680
272 0.0032 0.7680
273 0.0032 0.7680
274 0.0032 0.7680
275 0.0032 0.7680
276 0.0032 0.7660
277 0.0032 0.7660
278 0.0032 0.7650
279 0.0032 0.7650
280 0.0032 0.7650
281 0.0032 0.7650
282 0.0032 0.7650
283 0.0032 0.7640
284 0.0031 0.7630
285 0.0031 0.7640
286 0.0031 0.7640
287 0.0031 0.7640
288 0.0031 0.7640
289 0.0031 0.7640
290 0.0031 0.7640
291 0.0031 0.7650
292 0.0031 0.7650
293 0.0031 0.7660
294 0.0031 0.7650
295 0.0031 0.7640
296 0.0031 0.7630
297 0.0031 0.7620
298 0.0031 0.7620
299 0.0031 0.7620
300 0.0031 0.7620
301 0.0031 0.7620
302 0.0031 0.7620
303 0.0031 0.7600
304 0.0031 0.7600
305 0.0031 0.7600
306 0.0031 0.7610
307 0.0031 0.7620
308 0.0031 0.7620
309 0.0031 0.7620
310 0.0031 0.7610
311 0.0031 0.7610
312 0.0031 0.7610
313 0.0031 0.7610
314 0.0031 0.7610
315 0.0031 0.7610
316 0.0031 0.7610
317 0.0031 0.7610
318 0.0030 0.7610
319 0.0030 0.7610
320 0.0030 0.7610
321 0.0030 0.7610
322 0.0030 0.7600
323 0.0030 0.7600
324 0.0030 0.7600
325 0.0030 0.7600
326 0.0030 0.7600
327 0.0030 0.7610
328 0.0030 0.7610
329 0.0030 0.7610
330 0.0030 0.7610
331 0.0030 0.7620
332 0.0030 0.7630
333 0.0030 0.7630
334 0.0030 0.7630
335 0.0030 0.7630
336 0.0030 0.7630
337 0.0030 0.7630
338 0.0030 0.7630
339 0.0030 0.7630
340 0.0030 0.7630
341 0.0030 0.7630
342 0.0030 0.7630
343 0.0030 0.7630
344 0.0030 0.7630
345 0.0030 0.7630
346 0.0030 0.7630
347 0.0030 0.7630
348 0.0030 0.7630
349 0.0030 0.7630
350 0.0030 0.7630
351 0.0030 0.7620
352 0.0030 0.7620
353 0.0030 0.7620
354 0.0030 0.7620
355 0.0030 0.7620
356 0.0030 0.7610
357 0.0030 0.7610
358 0.0030 0.7610
359 0.0030 0.7610
360 0.0030 0.7600
361 0.0030 0.7590
362 0.0030 0.7600
363 0.0029 0.7600
364 0.0029 0.7600
365 0.0029 0.7600
366 0.0029 0.7600
367 0.0029 0.7600
368 0.0029 0.7610
369 0.0029 0.7610
370 0.0029 0.7610
371 0.0029 0.7610
372 0.0029 0.7610
373 0.0029 0.7610
374 0.0029 0.7610
375 0.0029 0.7610
376 0.0029 0.7610
377 0.0029 0.7610
378 0.0029 0.7610
379 0.0029 0.7610
380 0.0029 0.7620
381 0.0029 0.7620
382 0.0029 0.7620
383 0.0029 0.7610
384 0.0029 0.7610
385 0.0029 0.7610
386 0.0029 0.7620
387 0.0029 0.7620
388 0.0029 0.7620
389 0.0029 0.7620
390 0.0029 0.7620
391 0.0029 0.7620
392 0.0029 0.7620
393 0.0029 0.7620
394 0.0029 0.7620
395 0.0029 0.7620
396 0.0029 0.7620
397 0.0029 0.7610
398 0.0029 0.7610
399 0.0029 0.7610
400 0.0029 0.7610
401 0.0029 0.7610
402 0.0029 0.7610
403 0.0029 0.7610
404 0.0029 0.7620
405 0.0029 0.7610
406 0.0029 0.7620
407 0.0029 0.7630
408 0.0029 0.7630
409 0.0029 0.7630
410 0.0029 0.7620
411 0.0029 0.7620
412 0.0029 0.7620
413 0.0029 0.7610
414 0.0029 0.7600
415 0.0029 0.7600
416 0.0029 0.7600
417 0.0029 0.7600
418 0.0029 0.7600
419 0.0029 0.7600
420 0.0029 0.7610
421 0.0029 0.7610
422 0.0029 0.7610
423 0.0029 0.7610
424 0.0029 0.7610
425 0.0029 0.7620
426 0.0029 0.7620
427 0.0029 0.7620
428 0.0029 0.7620
429 0.0029 0.7620
430 0.0029 0.7620
431 0.0029 0.7620
432 0.0029 0.7620
433 0.0029 0.7620
434 0.0029 0.7620
435 0.0029 0.7620
436 0.0029 0.7620
437 0.0028 0.7620
438 0.0028 0.7620
439 0.0028 0.7620
440 0.0028 0.7630
441 0.0028 0.7630
442 0.0028 0.7620
443 0.0028 0.7620
444 0.0028 0.7620
445 0.0028 0.7620
446 0.0028 0.7620
447 0.0028 0.7620
448 0.0028 0.7620
449 0.0028 0.7620
450 0.0028 0.7620
451 0.0028 0.7620
452 0.0028 0.7620
453 0.0028 0.7620
454 0.0028 0.7620
455 0.0028 0.7620
456 0.0028 0.7620
457 0.0028 0.7620
458 0.0028 0.7620
459 0.0028 0.7620
460 0.0028 0.7620
461 0.0028 0.7620
462 0.0028 0.7620
463 0.0028 0.7600
464 0.0028 0.7590
465 0.0028 0.7590
466 0.0028 0.7590
467 0.0028 0.7590
468 0.0028 0.7590
469 0.0028 0.7590
470 0.0028 0.7590
471 0.0028 0.7590
472 0.0028 0.7590
473 0.0028 0.7590
474 0.0028 0.7590
475 0.0028 0.7600
476 0.0028 0.7600
477 0.0028 0.7610
478 0.0028 0.7610
479 0.0028 0.7600
480 0.0028 0.7600
481 0.0028 0.7600
482 0.0028 0.7600
483 0.0028 0.7610
484 0.0028 0.7610
485 0.0028 0.7610
486 0.0028 0.7610
487 0.0028 0.7610
488 0.0028 0.7610
489 0.0028 0.7610
490 0.0028 0.7610
491 0.0028 0.7610
492 0.0028 0.7610
493 0.0028 0.7620
494 0.0028 0.7620
495 0.0028 0.7620
496 0.0028 0.7620
497 0.0028 0.7610
498 0.0028 0.7610
499 0.0028 0.7610
500 0.0028 0.7610
501 0.0028 0.7610
502 0.0028 0.7610
503 0.0028 0.7610
504 0.0028 0.7610
505 0.0028 0.7610
506 0.0028 0.7610
507 0.0028 0.7610
508 0.0028 0.7610
509 0.0028 0.7610
510 0.0028 0.7600
511 0.0028 0.7600
512 0.0028 0.7600
513 0.0028 0.7580
514 0.0028 0.7570
515 0.0028 0.7570
516 0.0028 0.7560
517 0.0028 0.7560
518 0.0028 0.7560
519 0.0028 0.7550
520 0.0028 0.7560
521 0.0028 0.7560
522 0.0028 0.7570
523 0.0028 0.7570
524 0.0028 0.7570
525 0.0028 0.7570
526 0.0028 0.7570
527 0.0028 0.7570
528 0.0028 0.7580
529 0.0028 0.7580
530 0.0028 0.7590
531 0.0028 0.7590
532 0.0028 0.7590
533 0.0028 0.7590
534 0.0028 0.7590
535 0.0028 0.7590
536 0.0028 0.7590
537 0.0028 0.7590
538 0.0027 0.7590
539 0.0027 0.7590
540 0.0027 0.7590
541 0.0027 0.7580
542 0.0027 0.7580
543 0.0027 0.7590
544 0.0027 0.7590
545 0.0027 0.7600
546 0.0027 0.7600
547 0.0027 0.7600
548 0.0027 0.7600
549 0.0027 0.7600
550 0.0027 0.7600
551 0.0027 0.7600
552 0.0027 0.7600
553 0.0027 0.7590
554 0.0027 0.7590
555 0.0027 0.7600
556 0.0027 0.7600
557 0.0027 0.7600
558 0.0027 0.7600
559 0.0027 0.7600
560 0.0027 0.7600
561 0.0027 0.7600
562 0.0027 0.7600
563 0.0027 0.7600
564 0.0027 0.7600
565 0.0027 0.7600
566 0.0027 0.7600
567 0.0027 0.7600
568 0.0027 0.7600
569 0.0027 0.7600
570 0.0027 0.7600
571 0.0027 0.7600
572 0.0027 0.7600
573 0.0027 0.7600
574 0.0027 0.7600
575 0.0027 0.7600
576 0.0027 0.7600
577 0.0027 0.7600
578 0.0027 0.7600
579 0.0027 0.7600
580 0.0027 0.7600
581 0.0027 0.7590
582 0.0027 0.7590
583 0.0027 0.7590
584 0.0027 0.7600
585 0.0027 0.7600
586 0.0027 0.7600
587 0.0027 0.7600
588 0.0027 0.7610
589 0.0027 0.7610
590 0.0027 0.7610
591 0.0027 0.7600
592 0.0027 0.7600
593 0.0027 0.7600
594 0.0027 0.7600
595 0.0027 0.7600
596 0.0027 0.7600
597 0.0027 0.7590
598 0.0027 0.7600
599 0.0027 0.7600
600 0.0027 0.7600
601 0.0027 0.7600
602 0.0027 0.7600
603 0.0027 0.7600
604 0.0027 0.7600
605 0.0027 0.7600
606 0.0027 0.7590
607 0.0027 0.7590
608 0.0027 0.7590
609 0.0027 0.7590
610 0.0027 0.7590
611 0.0027 0.7590
612 0.0027 0.7600
613 0.0027 0.7600
614 0.0027 0.7600
615 0.0027 0.7600
616 0.0027 0.7610
617 0.0027 0.7610
618 0.0027 0.7610
619 0.0027 0.7610
620 0.0027 0.7610
621 0.0027 0.7610
622 0.0027 0.7610
623 0.0027 0.7610
624 0.0027 0.7610
625 0.0027 0.7610
626 0.0027 0.7610
627 0.0027 0.7610
628 0.0027 0.7600
629 0.0027 0.7600
630 0.0027 0.7600
631 0.0027 0.7600
632 0.0027 0.7600
633 0.0027 0.7590
634 0.0027 0.7590
635 0.0027 0.7590
636 0.0027 0.7590
637 0.0027 0.7590
638 0.0027 0.7590
639 0.0027 0.7580
640 0.0027 0.7580
641 0.0027 0.7580
642 0.0027 0.7580
643 0.0027 0.7580
644 0.0027 0.7580
645 0.0027 0.7580
646 0.0027 0.7570
647 0.0027 0.7570
648 0.0027 0.7570
649 0.0027 0.7570
650 0.0027 0.7570
651 0.0027 0.7570
652 0.0027 0.7570
653 0.0027 0.7570
654 0.0027 0.7570
655 0.0027 0.7570
656 0.0027 0.7570
657 0.0027 0.7570
658 0.0027 0.7550
659 0.0027 0.7550
660 0.0027 0.7550
661 0.0027 0.7550
662 0.0027 0.7550
663 0.0027 0.7560
664 0.0027 0.7560
665 0.0027 0.7560
666 0.0027 0.7560
667 0.0027 0.7560
668 0.0027 0.7570
669 0.0027 0.7570
670 0.0027 0.7570
671 0.0027 0.7580
672 0.0027 0.7590
673 0.0027 0.7590
674 0.0026 0.7590
675 0.0026 0.7590
676 0.0026 0.7590
677 0.0026 0.7590
678 0.0026 0.7590
679 0.0026 0.7590
680 0.0026 0.7590
681 0.0026 0.7590
682 0.0026 0.7600
683 0.0026 0.7600
684 0.0026 0.7600
685 0.0026 0.7600
686 0.0026 0.7600
687 0.0026 0.7600
688 0.0026 0.7600
689 0.0026 0.7600
690 0.0026 0.7600
691 0.0026 0.7590
692 0.0026 0.7590
693 0.0026 0.7590
694 0.0026 0.7590
695 0.0026 0.7590
696 0.0026 0.7590
697 0.0026 0.7590
698 0.0026 0.7590
699 0.0026 0.7590
700 0.0026 0.7600
701 0.0026 0.7600
702 0.0026 0.7600
703 0.0026 0.7600
704 0.0026 0.7590
705 0.0026 0.7600
706 0.0026 0.7600
707 0.0026 0.7600
708 0.0026 0.7600
709 0.0026 0.7600
710 0.0026 0.7600
711 0.0026 0.7600
712 0.0026 0.7600
713 0.0026 0.7600
714 0.0026 0.7600
715 0.0026 0.7600
716 0.0026 0.7600
717 0.0026 0.7600
718 0.0026 0.7600
719 0.0026 0.7600
720 0.0026 0.7600
721 0.0026 0.7600
722 0.0026 0.7600
723 0.0026 0.7600
724 0.0026 0.7590
725 0.0026 0.7590
726 0.0026 0.7590
727 0.0026 0.7590
728 0.0026 0.7580
729 0.0026 0.7600
730 0.0026 0.7600
731 0.0026 0.7600
732 0.0026 0.7600
733 0.0026 0.7590
734 0.0026 0.7590
735 0.0026 0.7590
736 0.0026 0.7590
737 0.0026 0.7590
738 0.0026 0.7590
739 0.0026 0.7590
740 0.0026 0.7590
741 0.0026 0.7590
742 0.0026 0.7590
743 0.0026 0.7590
744 0.0026 0.7590
745 0.0026 0.7590
746 0.0026 0.7600
747 0.0026 0.7600
748 0.0026 0.7600
749 0.0026 0.7610
750 0.0026 0.7610
751 0.0026 0.7610
752 0.0026 0.7610
753 0.0026 0.7610
754 0.0026 0.7600
755 0.0026 0.7600
756 0.0026 0.7600
757 0.0026 0.7600
758 0.0026 0.7600
759 0.0026 0.7600
760 0.0026 0.7600
761 0.0026 0.7600
762 0.0026 0.7600
763 0.0026 0.7600
764 0.0026 0.7600
765 0.0026 0.7600
766 0.0026 0.7600
767 0.0026 0.7600
768 0.0026 0.7590
769 0.0026 0.7590
770 0.0026 0.7590
771 0.0026 0.7590
772 0.0026 0.7590
773 0.0026 0.7590
774 0.0026 0.7590
775 0.0026 0.7590
776 0.0026 0.7590
777 0.0026 0.7590
778 0.0026 0.7590
779 0.0026 0.7590
780 0.0026 0.7590
781 0.0026 0.7590
782 0.0026 0.7590
783 0.0026 0.7590
784 0.0026 0.7590
785 0.0026 0.7590
786 0.0026 0.7590
787 0.0026 0.7590
788 0.0026 0.7590
789 0.0026 0.7590
790 0.0026 0.7590
791 0.0026 0.7590
792 0.0026 0.7590
793 0.0026 0.7590
794 0.0026 0.7590
795 0.0026 0.7590
796 0.0026 0.7590
797 0.0026 0.7580
798 0.0026 0.7580
799 0.0026 0.7580
800 0.0026 0.7580
801 0.0026 0.7580
802 0.0026 0.7580
803 0.0026 0.7580
804 0.0026 0.7580
805 0.0026 0.7580
806 0.0026 0.7580
807 0.0026 0.7580
808 0.0026 0.7580
809 0.0026 0.7570
810 0.0026 0.7570
811 0.0026 0.7570
812 0.0026 0.7570
813 0.0026 0.7560
814 0.0026 0.7550
815 0.0026 0.7550
816 0.0026 0.7550
817 0.0026 0.7550
818 0.0026 0.7550
819 0.0026 0.7540
820 0.0026 0.7550
821 0.0026 0.7550
822 0.0026 0.7550
823 0.0026 0.7540
824 0.0026 0.7550
825 0.0026 0.7550
826 0.0026 0.7550
827 0.0026 0.7550
828 0.0026 0.7560
829 0.0026 0.7560
830 0.0026 0.7560
831 0.0026 0.7560
832 0.0026 0.7550
833 0.0026 0.7540
834 0.0026 0.7540
835 0.0026 0.7540
836 0.0026 0.7540
837 0.0026 0.7540
838 0.0026 0.7540
839 0.0026 0.7530
840 0.0026 0.7530
841 0.0026 0.7530
842 0.0026 0.7530
843 0.0026 0.7530
844 0.0026 0.7530
845 0.0026 0.7530
846 0.0026 0.7530
847 0.0026 0.7530
848 0.0026 0.7530
849 0.0026 0.7530
850 0.0026 0.7530
851 0.0026 0.7510
852 0.0026 0.7510
853 0.0026 0.7520
854 0.0026 0.7510
855 0.0026 0.7500
856 0.0026 0.7500
857 0.0026 0.7500
858 0.0026 0.7500
859 0.0026 0.7500
860 0.0026 0.7500
861 0.0026 0.7500
862 0.0026 0.7500
863 0.0026 0.7500
864 0.0026 0.7500
865 0.0026 0.7500
866 0.0026 0.7500
867 0.0026 0.7500
868 0.0026 0.7500
869 0.0026 0.7510
870 0.0026 0.7510
871 0.0026 0.7510
872 0.0026 0.7510
873 0.0026 0.7510
874 0.0026 0.7510
875 0.0026 0.7510
876 0.0026 0.7510
877 0.0026 0.7510
878 0.0026 0.7510
879 0.0026 0.7510
880 0.0026 0.7510
881 0.0026 0.7510
882 0.0026 0.7510
883 0.0026 0.7510
884 0.0026 0.7510
885 0.0026 0.7510
886 0.0026 0.7510
887 0.0026 0.7510
888 0.0026 0.7500
889 0.0026 0.7500
890 0.0026 0.7500
891 0.0026 0.7490
892 0.0026 0.7490
893 0.0026 0.7490
894 0.0026 0.7490
895 0.0026 0.7490
896 0.0026 0.7480
897 0.0026 0.7480
898 0.0026 0.7480
899 0.0026 0.7480
900 0.0026 0.7490
901 0.0026 0.7490
902 0.0026 0.7490
903 0.0026 0.7490
904 0.0026 0.7490
905 0.0026 0.7490
906 0.0026 0.7490
907 0.0026 0.7500
908 0.0026 0.7500
909 0.0026 0.7480
910 0.0026 0.7480
911 0.0026 0.7470
912 0.0026 0.7470
913 0.0026 0.7470
914 0.0025 0.7470
915 0.0025 0.7460
916 0.0025 0.7460
917 0.0025 0.7460
918 0.0025 0.7460
919 0.0025 0.7460
920 0.0025 0.7470
921 0.0025 0.7460
922 0.0025 0.7470
923 0.0025 0.7470
924 0.0025 0.7470
925 0.0025 0.7470
926 0.0025 0.7470
927 0.0025 0.7470
928 0.0025 0.7470
929 0.0025 0.7470
930 0.0025 0.7470
931 0.0025 0.7470
932 0.0025 0.7470
933 0.0025 0.7470
934 0.0025 0.7470
935 0.0025 0.7470
936 0.0025 0.7470
937 0.0025 0.7460
938 0.0025 0.7460
939 0.0025 0.7450
940 0.0025 0.7440
941 0.0025 0.7440
942 0.0025 0.7450
943 0.0025 0.7450
944 0.0025 0.7450
945 0.0025 0.7450
946 0.0025 0.7450
947 0.0025 0.7440
948 0.0025 0.7440
949 0.0025 0.7450
950 0.0025 0.7440
951 0.0025 0.7450
952 0.0025 0.7450
953 0.0025 0.7460
954 0.0025 0.7450
955 0.0025 0.7440
956 0.0025 0.7440
957 0.0025 0.7440
958 0.0025 0.7450
959 0.0025 0.7450
960 0.0025 0.7440
961 0.0025 0.7440
962 0.0025 0.7440
963 0.0025 0.7440
964 0.0025 0.7440
965 0.0025 0.7440
966 0.0025 0.7440
967 0.0025 0.7440
968 0.0025 0.7440
969 0.0025 0.7440
970 0.0025 0.7430
971 0.0025 0.7420
972 0.0025 0.7420
973 0.0025 0.7420
974 0.0025 0.7420
975 0.0025 0.7430
976 0.0025 0.7430
977 0.0025 0.7430
978 0.0025 0.7420
979 0.0025 0.7420
980 0.0025 0.7430
981 0.0025 0.7430
982 0.0025 0.7430
983 0.0025 0.7430
984 0.0025 0.7430
985 0.0025 0.7430
986 0.0025 0.7430
987 0.0025 0.7420
988 0.0025 0.7420
989 0.0025 0.7420
990 0.0025 0.7420
991 0.0025 0.7420
992 0.0025 0.7420
993 0.0025 0.7410
994 0.0025 0.7410
995 0.0025 0.7390
996 0.0025 0.7380
997 0.0025 0.7390
998 0.0025 0.7390
999 0.0025 0.7390
1000 0.0025 0.7400
1001 0.0025 0.7390
1002 0.0025 0.7400
1003 0.0025 0.7400
1004 0.0025 0.7400
1005 0.0025 0.7410
1006 0.0025 0.7410
1007 0.0025 0.7400
1008 0.0025 0.7400
1009 0.0025 0.7400
1010 0.0025 0.7400
1011 0.0025 0.7400
1012 0.0025 0.7400
1013 0.0025 0.7410
1014 0.0025 0.7420
1015 0.0025 0.7410
1016 0.0025 0.7410
1017 0.0025 0.7410
1018 0.0025 0.7400
1019 0.0025 0.7400
1020 0.0025 0.7390
1021 0.0025 0.7390
1022 0.0025 0.7390
1023 0.0025 0.7390
1024 0.0025 0.7390
1025 0.0025 0.7390
1026 0.0025 0.7390
1027 0.0025 0.7390
1028 0.0025 0.7390
1029 0.0025 0.7390
1030 0.0025 0.7400
1031 0.0025 0.7410
1032 0.0025 0.7420
1033 0.0025 0.7410
1034 0.0025 0.7410
1035 0.0025 0.7420
1036 0.0025 0.7420
1037 0.0025 0.7420
1038 0.0025 0.7410
1039 0.0025 0.7410
1040 0.0025 0.7410
1041 0.0025 0.7410
1042 0.0025 0.7410
1043 0.0025 0.7420
1044 0.0025 0.7430
1045 0.0025 0.7430
1046 0.0025 0.7420
1047 0.0025 0.7420
1048 0.0025 0.7420
1049 0.0025 0.7420
1050 0.0025 0.7420
1051 0.0025 0.7420
1052 0.0025 0.7420
1053 0.0025 0.7430
1054 0.0025 0.7420
1055 0.0025 0.7420
1056 0.0025 0.7420
1057 0.0025 0.7410
1058 0.0025 0.7410
1059 0.0025 0.7410
1060 0.0025 0.7410
1061 0.0025 0.7420
1062 0.0025 0.7400
1063 0.0025 0.7390
1064 0.0025 0.7390
1065 0.0025 0.7390
1066 0.0025 0.7390
1067 0.0025 0.7380
1068 0.0025 0.7380
1069 0.0025 0.7390
1070 0.0025 0.7390
1071 0.0025 0.7400
1072 0.0025 0.7400
1073 0.0025 0.7380
1074 0.0025 0.7390
1075 0.0025 0.7390
1076 0.0025 0.7390
1077 0.0025 0.7390
1078 0.0025 0.7390
1079 0.0025 0.7390
1080 0.0025 0.7390
1081 0.0025 0.7390
1082 0.0025 0.7390
1083 0.0025 0.7390
1084 0.0025 0.7390
1085 0.0025 0.7390
1086 0.0025 0.7390
1087 0.0025 0.7390
1088 0.0025 0.7390
1089 0.0025 0.7380
1090 0.0025 0.7390
1091 0.0025 0.7390
1092 0.0025 0.7390
1093 0.0025 0.7390
1094 0.0025 0.7390
1095 0.0025 0.7390
1096 0.0025 0.7390
1097 0.0025 0.7390
1098 0.0025 0.7390
1099 0.0025 0.7390
1100 0.0025 0.7390
1101 0.0025 0.7390
1102 0.0025 0.7390
1103 0.0025 0.7390
1104 0.0025 0.7390
1105 0.0025 0.7390
1106 0.0025 0.7390
1107 0.0025 0.7390
1108 0.0025 0.7380
1109 0.0025 0.7380
1110 0.0025 0.7370
1111 0.0025 0.7370
1112 0.0025 0.7370
1113 0.0025 0.7370
1114 0.0025 0.7360
1115 0.0025 0.7370
1116 0.0025 0.7370
1117 0.0025 0.7370
1118 0.0025 0.7370
1119 0.0025 0.7360
1120 0.0025 0.7360
1121 0.0025 0.7360
1122 0.0025 0.7360
1123 0.0025 0.7360
1124 0.0025 0.7360
1125 0.0025 0.7360
1126 0.0025 0.7360
1127 0.0025 0.7360
1128 0.0025 0.7360
1129 0.0025 0.7360
1130 0.0025 0.7360
1131 0.0025 0.7360
1132 0.0025 0.7360
1133 0.0025 0.7360
1134 0.0025 0.7360
1135 0.0025 0.7360
1136 0.0025 0.7360
1137 0.0025 0.7360
1138 0.0025 0.7360
1139 0.0025 0.7360
1140 0.0025 0.7360
1141 0.0025 0.7360
1142 0.0025 0.7360
1143 0.0025 0.7360
1144 0.0025 0.7360
1145 0.0025 0.7360
1146 0.0025 0.7360
1147 0.0025 0.7360
1148 0.0025 0.7360
1149 0.0025 0.7360
1150 0.0025 0.7360
1151 0.0025 0.7360
1152 0.0025 0.7360
1153 0.0025 0.7360
1154 0.0025 0.7350
1155 0.0025 0.7350
1156 0.0025 0.7350
1157 0.0025 0.7340
1158 0.0025 0.7340
1159 0.0025 0.7340
1160 0.0025 0.7340
1161 0.0025 0.7340
1162 0.0025 0.7330
1163 0.0025 0.7330
1164 0.0025 0.7330
1165 0.0025 0.7320
1166 0.0025 0.7310
1167 0.0025 0.7310
1168 0.0025 0.7310
1169 0.0025 0.7320
1170 0.0025 0.7320
1171 0.0025 0.7320
1172 0.0025 0.7320
1173 0.0025 0.7320
1174 0.0025 0.7320
1175 0.0025 0.7320
1176 0.0025 0.7330
1177 0.0025 0.7330
1178 0.0025 0.7320
1179 0.0025 0.7320
1180 0.0025 0.7320
1181 0.0025 0.7320
1182 0.0025 0.7330
1183 0.0025 0.7330
1184 0.0025 0.7330
1185 0.0025 0.7330
1186 0.0025 0.7330
1187 0.0025 0.7330
1188 0.0025 0.7330
1189 0.0025 0.7320
1190 0.0025 0.7320
1191 0.0025 0.7320
1192 0.0025 0.7320
1193 0.0025 0.7320
1194 0.0025 0.7320
1195 0.0025 0.7320
1196 0.0025 0.7320
1197 0.0025 0.7310
1198 0.0025 0.7310
1199 0.0025 0.7320
1200 0.0025 0.7320
1201 0.0025 0.7320
1202 0.0025 0.7320
1203 0.0025 0.7310
1204 0.0025 0.7310
1205 0.0025 0.7320
1206 0.0025 0.7310
1207 0.0025 0.7320
1208 0.0025 0.7320
1209 0.0025 0.7320
1210 0.0025 0.7310
1211 0.0025 0.7310
1212 0.0025 0.7310
1213 0.0025 0.7300
1214 0.0025 0.7300
1215 0.0025 0.7300
1216 0.0025 0.7300
1217 0.0025 0.7290
1218 0.0025 0.7290
1219 0.0025 0.7300
1220 0.0025 0.7300
1221 0.0025 0.7300
1222 0.0025 0.7300
1223 0.0025 0.7300
1224 0.0025 0.7300
1225 0.0025 0.7300
1226 0.0025 0.7300
1227 0.0025 0.7300
1228 0.0025 0.7300
1229 0.0025 0.7300
1230 0.0025 0.7300
1231 0.0025 0.7310
1232 0.0025 0.7310
1233 0.0025 0.7310
1234 0.0025 0.7310
1235 0.0025 0.7310
1236 0.0025 0.7300
1237 0.0025 0.7300
1238 0.0025 0.7310
1239 0.0025 0.7310
1240 0.0025 0.7310
1241 0.0024 0.7310
1242 0.0024 0.7310
1243 0.0024 0.7300
1244 0.0024 0.7310
1245 0.0024 0.7310
1246 0.0024 0.7310
1247 0.0024 0.7310
1248 0.0024 0.7310
1249 0.0024 0.7330
1250 0.0024 0.7330
1251 0.0024 0.7330
1252 0.0024 0.7330
1253 0.0024 0.7330
1254 0.0024 0.7330
1255 0.0024 0.7330
1256 0.0024 0.7330
1257 0.0024 0.7330
1258 0.0024 0.7330
1259 0.0024 0.7330
1260 0.0024 0.7330
1261 0.0024 0.7330
1262 0.0024 0.7330
1263 0.0024 0.7330
1264 0.0024 0.7320
1265 0.0024 0.7330
1266 0.0024 0.7320
1267 0.0024 0.7340
1268 0.0024 0.7330
1269 0.0024 0.7330
1270 0.0024 0.7320
1271 0.0024 0.7330
1272 0.0024 0.7320
1273 0.0024 0.7320
1274 0.0024 0.7320
1275 0.0024 0.7320
1276 0.0024 0.7320
1277 0.0024 0.7320
1278 0.0024 0.7320
1279 0.0024 0.7320
1280 0.0024 0.7310
1281 0.0024 0.7320
1282 0.0024 0.7310
1283 0.0024 0.7310
1284 0.0024 0.7320
1285 0.0024 0.7320
1286 0.0024 0.7320
1287 0.0024 0.7320
1288 0.0024 0.7320
1289 0.0024 0.7320
1290 0.0024 0.7320
1291 0.0024 0.7320
1292 0.0024 0.7320
1293 0.0024 0.7320
1294 0.0024 0.7320
1295 0.0024 0.7320
1296 0.0024 0.7320
1297 0.0024 0.7320
1298 0.0024 0.7320
1299 0.0024 0.7320
1300 0.0024 0.7320
1301 0.0024 0.7320
1302 0.0024 0.7320
1303 0.0024 0.7320
1304 0.0024 0.7320
1305 0.0024 0.7330
1306 0.0024 0.7340
1307 0.0024 0.7330
1308 0.0024 0.7330
1309 0.0024 0.7330
1310 0.0024 0.7330
1311 0.0024 0.7330
1312 0.0024 0.7330
1313 0.0024 0.7330
1314 0.0024 0.7330
1315 0.0024 0.7330
1316 0.0024 0.7330
1317 0.0024 0.7330
1318 0.0024 0.7330
1319 0.0024 0.7330
1320 0.0024 0.7330
1321 0.0024 0.7330
1322 0.0024 0.7330
1323 0.0024 0.7330
1324 0.0024 0.7330
1325 0.0024 0.7330
1326 0.0024 0.7330
1327 0.0024 0.7330
1328 0.0024 0.7330
1329 0.0024 0.7330
1330 0.0024 0.7330
1331 0.0024 0.7330
1332 0.0024 0.7330
1333 0.0024 0.7320
1334 0.0024 0.7320
1335 0.0024 0.7320
1336 0.0024 0.7320
1337 0.0024 0.7320
1338 0.0024 0.7320
1339 0.0024 0.7320
1340 0.0024 0.7320
1341 0.0024 0.7310
1342 0.0024 0.7320
1343 0.0024 0.7320
1344 0.0024 0.7320
1345 0.0024 0.7310
1346 0.0024 0.7310
1347 0.0024 0.7310
1348 0.0024 0.7310
1349 0.0024 0.7320
1350 0.0024 0.7320
1351 0.0024 0.7320
1352 0.0024 0.7320
1353 0.0024 0.7310
1354 0.0024 0.7310
1355 0.0024 0.7310
1356 0.0024 0.7320
1357 0.0024 0.7320
1358 0.0024 0.7320
1359 0.0024 0.7320
1360 0.0024 0.7320
1361 0.0024 0.7320
1362 0.0024 0.7320
1363 0.0024 0.7310
1364 0.0024 0.7310
1365 0.0024 0.7310
1366 0.0024 0.7310
1367 0.0024 0.7310
1368 0.0024 0.7310
1369 0.0024 0.7320
1370 0.0024 0.7320
1371 0.0024 0.7310
1372 0.0024 0.7310
1373 0.0024 0.7310
1374 0.0024 0.7310
1375 0.0024 0.7310
1376 0.0024 0.7310
1377 0.0024 0.7310
1378 0.0024 0.7310
1379 0.0024 0.7310
1380 0.0024 0.7310
1381 0.0024 0.7320
1382 0.0024 0.7320
1383 0.0024 0.7320
1384 0.0024 0.7320
1385 0.0024 0.7320
1386 0.0024 0.7320
1387 0.0024 0.7320
1388 0.0024 0.7310
1389 0.0024 0.7310
1390 0.0024 0.7310
1391 0.0024 0.7300
1392 0.0024 0.7310
1393 0.0024 0.7310
1394 0.0024 0.7310
1395 0.0024 0.7310
1396 0.0024 0.7310
1397 0.0024 0.7310
1398 0.0024 0.7300
1399 0.0024 0.7300
1400 0.0024 0.7300
1401 0.0024 0.7300
1402 0.0024 0.7300
1403 0.0024 0.7290
1404 0.0024 0.7290
1405 0.0024 0.7280
1406 0.0024 0.7290
1407 0.0024 0.7290
1408 0.0024 0.7290
1409 0.0024 0.7290
1410 0.0024 0.7280
1411 0.0024 0.7280
1412 0.0024 0.7280
1413 0.0024 0.7280
1414 0.0024 0.7280
1415 0.0024 0.7290
1416 0.0024 0.7280
1417 0.0024 0.7280
1418 0.0024 0.7280
1419 0.0024 0.7280
1420 0.0024 0.7280
1421 0.0024 0.7280
1422 0.0024 0.7290
1423 0.0024 0.7290
1424 0.0024 0.7280
1425 0.0024 0.7280
1426 0.0024 0.7280
1427 0.0024 0.7290
1428 0.0024 0.7290
1429 0.0024 0.7280
1430 0.0024 0.7280
1431 0.0024 0.7280
1432 0.0024 0.7280
1433 0.0024 0.7280
1434 0.0024 0.7280
1435 0.0024 0.7280
1436 0.0024 0.7280
1437 0.0024 0.7290
1438 0.0024 0.7290
1439 0.0024 0.7290
1440 0.0024 0.7300
1441 0.0024 0.7300
1442 0.0024 0.7300
1443 0.0024 0.7290
1444 0.0024 0.7290
1445 0.0024 0.7300
1446 0.0024 0.7300
1447 0.0024 0.7300
1448 0.0024 0.7290
1449 0.0024 0.7300
1450 0.0024 0.7300
1451 0.0024 0.7300
1452 0.0024 0.7300
1453 0.0024 0.7300
1454 0.0024 0.7300
1455 0.0024 0.7300
1456 0.0024 0.7300
1457 0.0024 0.7300
1458 0.0024 0.7300
1459 0.0024 0.7300
1460 0.0024 0.7300
1461 0.0024 0.7300
1462 0.0024 0.7300
1463 0.0024 0.7300
1464 0.0024 0.7300
1465 0.0024 0.7300
1466 0.0024 0.7300
1467 0.0024 0.7300
1468 0.0024 0.7300
1469 0.0024 0.7300
1470 0.0024 0.7300
1471 0.0024 0.7300
1472 0.0024 0.7300
1473 0.0024 0.7300
1474 0.0024 0.7300
1475 0.0024 0.7290
1476 0.0024 0.7290
1477 0.0024 0.7290
1478 0.0024 0.7290
1479 0.0024 0.7300
1480 0.0024 0.7290
1481 0.0024 0.7290
1482 0.0024 0.7290
1483 0.0024 0.7290
1484 0.0024 0.7290
1485 0.0024 0.7290
1486 0.0024 0.7290
1487 0.0024 0.7290
1488 0.0024 0.7290
1489 0.0024 0.7300
1490 0.0024 0.7300
1491 0.0024 0.7290
1492 0.0024 0.7290
1493 0.0024 0.7290
1494 0.0024 0.7290
1495 0.0024 0.7320
1496 0.0024 0.7320
1497 0.0024 0.7310
1498 0.0024 0.7310
1499 0.0024 0.7300
1500 0.0024 0.7300
1501 0.0024 0.7300
1502 0.0024 0.7300
1503 0.0024 0.7310
1504 0.0024 0.7310
1505 0.0024 0.7310
1506 0.0024 0.7320
1507 0.0024 0.7300
1508 0.0024 0.7310
1509 0.0024 0.7310
1510 0.0024 0.7300
1511 0.0024 0.7290
1512 0.0024 0.7300
1513 0.0024 0.7310
1514 0.0024 0.7310
1515 0.0024 0.7320
1516 0.0024 0.7310
1517 0.0024 0.7300
1518 0.0024 0.7290
1519 0.0024 0.7290
1520 0.0024 0.7290
1521 0.0024 0.7290
1522 0.0024 0.7290
1523 0.0024 0.7300
1524 0.0024 0.7300
1525 0.0024 0.7300
1526 0.0024 0.7290
1527 0.0024 0.7290
1528 0.0024 0.7270
1529 0.0024 0.7280
1530 0.0024 0.7290
1531 0.0024 0.7290
1532 0.0024 0.7290
1533 0.0024 0.7300
1534 0.0024 0.7300
1535 0.0024 0.7290
1536 0.0024 0.7290
1537 0.0024 0.7280
1538 0.0024 0.7280
1539 0.0024 0.7280
1540 0.0024 0.7280
1541 0.0024 0.7280
1542 0.0024 0.7270
1543 0.0024 0.7280
1544 0.0024 0.7290
1545 0.0024 0.7290
1546 0.0024 0.7290
1547 0.0024 0.7280
1548 0.0024 0.7280
1549 0.0024 0.7280
1550 0.0024 0.7280
1551 0.0024 0.7290
1552 0.0024 0.7290
1553 0.0024 0.7290
1554 0.0024 0.7290
1555 0.0024 0.7290
1556 0.0024 0.7290
1557 0.0024 0.7290
1558 0.0024 0.7290
1559 0.0024 0.7290
1560 0.0024 0.7290
1561 0.0024 0.7290
1562 0.0024 0.7290
1563 0.0024 0.7280
1564 0.0024 0.7280
1565 0.0024 0.7290
1566 0.0024 0.7290
1567 0.0024 0.7290
1568 0.0024 0.7290
1569 0.0024 0.7290
1570 0.0024 0.7290
1571 0.0024 0.7290
1572 0.0024 0.7290
1573 0.0024 0.7290
1574 0.0024 0.7290
1575 0.0024 0.7290
1576 0.0024 0.7290
1577 0.0024 0.7290
1578 0.0024 0.7290
1579 0.0024 0.7290
1580 0.0024 0.7290
1581 0.0024 0.7290
1582 0.0024 0.7290
1583 0.0024 0.7290
1584 0.0024 0.7290
1585 0.0024 0.7290
1586 0.0024 0.7290
1587 0.0024 0.7290
1588 0.0024 0.7290
1589 0.0024 0.7290
1590 0.0024 0.7290
1591 0.0024 0.7290
1592 0.0024 0.7290
1593 0.0024 0.7300
1594 0.0024 0.7300
1595 0.0024 0.7300
1596 0.0024 0.7300
1597 0.0024 0.7300
1598 0.0024 0.7300
1599 0.0024 0.7300
1600 0.0024 0.7310
1601 0.0024 0.7310
1602 0.0024 0.7310
1603 0.0024 0.7310
1604 0.0024 0.7310
1605 0.0024 0.7310
1606 0.0024 0.7310
1607 0.0024 0.7310
1608 0.0024 0.7310
1609 0.0024 0.7310
1610 0.0024 0.7310
1611 0.0024 0.7310
1612 0.0024 0.7310
1613 0.0024 0.7310
1614 0.0024 0.7310
1615 0.0024 0.7310
1616 0.0024 0.7310
1617 0.0024 0.7310
1618 0.0024 0.7310
1619 0.0024 0.7310
1620 0.0024 0.7310
1621 0.0024 0.7310
1622 0.0024 0.7310
1623 0.0024 0.7310
1624 0.0024 0.7310
1625 0.0024 0.7310
1626 0.0024 0.7310
1627 0.0024 0.7310
1628 0.0024 0.7310
1629 0.0024 0.7310
1630 0.0024 0.7310
1631 0.0024 0.7310
1632 0.0024 0.7310
1633 0.0024 0.7310
1634 0.0024 0.7310
1635 0.0024 0.7310
1636 0.0024 0.7310
1637 0.0024 0.7310
1638 0.0024 0.7310
1639 0.0024 0.7310
1640 0.0024 0.7310
1641 0.0024 0.7310
1642 0.0024 0.7310
1643 0.0024 0.7320
1644 0.0024 0.7320
1645 0.0024 0.7310
1646 0.0024 0.7310
1647 0.0024 0.7320
1648 0.0024 0.7320
1649 0.0024 0.7320
1650 0.0024 0.7320
1651 0.0024 0.7320
1652 0.0024 0.7310
1653 0.0024 0.7310
1654 0.0024 0.7320
1655 0.0024 0.7320
1656 0.0024 0.7320
1657 0.0024 0.7320
1658 0.0024 0.7320
1659 0.0024 0.7320
1660 0.0024 0.7320
1661 0.0024 0.7320
1662 0.0024 0.7320
1663 0.0024 0.7320
1664 0.0024 0.7320
1665 0.0024 0.7320
1666 0.0024 0.7320
1667 0.0024 0.7320
1668 0.0024 0.7330
1669 0.0024 0.7330
1670 0.0024 0.7320
1671 0.0024 0.7320
1672 0.0024 0.7320
1673 0.0024 0.7320
1674 0.0024 0.7330
1675 0.0024 0.7330
1676 0.0024 0.7330
1677 0.0024 0.7320
1678 0.0024 0.7330
1679 0.0024 0.7330
1680 0.0024 0.7330
1681 0.0024 0.7330
1682 0.0024 0.7330
1683 0.0024 0.7330
1684 0.0024 0.7330
1685 0.0024 0.7340
1686 0.0024 0.7340
1687 0.0024 0.7340
1688 0.0024 0.7330
1689 0.0024 0.7330
1690 0.0024 0.7340
1691 0.0024 0.7340
1692 0.0024 0.7340
1693 0.0024 0.7340
1694 0.0024 0.7340
1695 0.0024 0.7340
1696 0.0024 0.7340
1697 0.0024 0.7340
1698 0.0024 0.7330
1699 0.0024 0.7340
1700 0.0024 0.7330
1701 0.0024 0.7340
1702 0.0024 0.7340
1703 0.0024 0.7340
1704 0.0024 0.7340
1705 0.0024 0.7320
1706 0.0024 0.7320
1707 0.0024 0.7320
1708 0.0024 0.7320
1709 0.0024 0.7320
1710 0.0024 0.7320
1711 0.0024 0.7320
1712 0.0024 0.7320
1713 0.0024 0.7320
1714 0.0024 0.7320
1715 0.0024 0.7320
1716 0.0024 0.7320
1717 0.0024 0.7320
1718 0.0024 0.7320
1719 0.0024 0.7320
1720 0.0024 0.7320
1721 0.0024 0.7320
1722 0.0024 0.7320
1723 0.0024 0.7320
1724 0.0024 0.7320
1725 0.0024 0.7320
1726 0.0024 0.7320
1727 0.0024 0.7320
1728 0.0024 0.7320
1729 0.0024 0.7300
1730 0.0024 0.7300
1731 0.0024 0.7310
1732 0.0024 0.7310
1733 0.0024 0.7310
1734 0.0024 0.7310
1735 0.0024 0.7310
1736 0.0024 0.7310
1737 0.0024 0.7310
1738 0.0024 0.7310
1739 0.0024 0.7310
1740 0.0024 0.7310
1741 0.0024 0.7310
1742 0.0024 0.7310
1743 0.0024 0.7310
1744 0.0024 0.7310
1745 0.0024 0.7310
1746 0.0024 0.7310
1747 0.0024 0.7310
1748 0.0024 0.7310
1749 0.0024 0.7310
1750 0.0024 0.7310
1751 0.0024 0.7310
1752 0.0024 0.7310
1753 0.0024 0.7310
1754 0.0024 0.7310
1755 0.0024 0.7310
1756 0.0024 0.7310
1757 0.0024 0.7310
1758 0.0024 0.7310
1759 0.0024 0.7310
1760 0.0024 0.7310
1761 0.0024 0.7310
1762 0.0024 0.7310
1763 0.0024 0.7310
1764 0.0024 0.7300
1765 0.0024 0.7300
1766 0.0024 0.7300
1767 0.0024 0.7300
1768 0.0024 0.7300
1769 0.0024 0.7290
1770 0.0024 0.7290
1771 0.0024 0.7290
1772 0.0024 0.7290
1773 0.0024 0.7290
1774 0.0024 0.7290
1775 0.0024 0.7290
1776 0.0024 0.7290
1777 0.0024 0.7280
1778 0.0024 0.7280
1779 0.0024 0.7290
1780 0.0024 0.7290
1781 0.0024 0.7290
1782 0.0024 0.7290
1783 0.0024 0.7290
1784 0.0024 0.7280
1785 0.0024 0.7280
1786 0.0024 0.7270
1787 0.0024 0.7270
1788 0.0024 0.7270
1789 0.0024 0.7260
1790 0.0024 0.7260
1791 0.0024 0.7250
1792 0.0024 0.7260
1793 0.0024 0.7260
1794 0.0024 0.7250
1795 0.0024 0.7250
1796 0.0024 0.7250
1797 0.0024 0.7250
1798 0.0024 0.7240
1799 0.0024 0.7240
1800 0.0024 0.7240
1801 0.0024 0.7250
1802 0.0024 0.7240
1803 0.0024 0.7240
1804 0.0024 0.7240
1805 0.0024 0.7240
1806 0.0024 0.7240
1807 0.0024 0.7240
1808 0.0024 0.7230
1809 0.0024 0.7240
1810 0.0024 0.7250
1811 0.0024 0.7250
1812 0.0024 0.7250
1813 0.0024 0.7240
1814 0.0024 0.7240
1815 0.0024 0.7230
1816 0.0024 0.7230
1817 0.0024 0.7250
1818 0.0024 0.7250
1819 0.0024 0.7240
1820 0.0024 0.7250
1821 0.0024 0.7250
1822 0.0024 0.7240
1823 0.0024 0.7240
1824 0.0024 0.7240
1825 0.0024 0.7250
1826 0.0024 0.7250
1827 0.0024 0.7250
1828 0.0024 0.7240
1829 0.0024 0.7240
1830 0.0024 0.7240
1831 0.0024 0.7240
1832 0.0024 0.7240
1833 0.0024 0.7250
1834 0.0024 0.7250
1835 0.0024 0.7250
1836 0.0024 0.7250
1837 0.0024 0.7240
1838 0.0024 0.7240
1839 0.0024 0.7250
1840 0.0024 0.7250
1841 0.0024 0.7250
1842 0.0024 0.7250
1843 0.0024 0.7250
1844 0.0024 0.7250
1845 0.0024 0.7250
1846 0.0024 0.7250
1847 0.0024 0.7240
1848 0.0024 0.7240
1849 0.0024 0.7240
1850 0.0024 0.7250
1851 0.0024 0.7250
1852 0.0024 0.7250
1853 0.0024 0.7260
1854 0.0024 0.7260
1855 0.0024 0.7260
1856 0.0024 0.7260
1857 0.0024 0.7260
1858 0.0024 0.7260
1859 0.0024 0.7250
1860 0.0024 0.7260
1861 0.0024 0.7260
1862 0.0024 0.7260
1863 0.0024 0.7260
1864 0.0024 0.7260
1865 0.0024 0.7260
1866 0.0024 0.7260
1867 0.0024 0.7260
1868 0.0024 0.7260
1869 0.0024 0.7260
1870 0.0024 0.7260
1871 0.0024 0.7260
1872 0.0024 0.7260
1873 0.0024 0.7260
1874 0.0024 0.7260
1875 0.0024 0.7270
1876 0.0024 0.7290
1877 0.0024 0.7280
1878 0.0024 0.7280
1879 0.0024 0.7280
1880 0.0024 0.7280
1881 0.0024 0.7290
1882 0.0024 0.7290
1883 0.0024 0.7290
1884 0.0024 0.7290
1885 0.0024 0.7290
1886 0.0024 0.7280
1887 0.0024 0.7280
1888 0.0024 0.7280
1889 0.0024 0.7280
1890 0.0024 0.7270
1891 0.0024 0.7280
1892 0.0024 0.7280
1893 0.0024 0.7280
1894 0.0024 0.7280
1895 0.0024 0.7290
1896 0.0024 0.7270
1897 0.0024 0.7280
1898 0.0024 0.7270
1899 0.0024 0.7270
1900 0.0024 0.7290
1901 0.0024 0.7280
1902 0.0024 0.7280
1903 0.0024 0.7280
1904 0.0024 0.7280
1905 0.0024 0.7280
1906 0.0024 0.7290
1907 0.0024 0.7280
1908 0.0024 0.7280
1909 0.0024 0.7280
1910 0.0024 0.7280
1911 0.0024 0.7290
1912 0.0024 0.7290
1913 0.0024 0.7290
1914 0.0024 0.7270
1915 0.0024 0.7280
1916 0.0024 0.7260
1917 0.0024 0.7280
1918 0.0024 0.7280
1919 0.0024 0.7290
1920 0.0024 0.7290
1921 0.0024 0.7280
1922 0.0024 0.7280
1923 0.0024 0.7280
1924 0.0024 0.7280
1925 0.0024 0.7290
1926 0.0024 0.7290
1927 0.0024 0.7280
1928 0.0024 0.7280
1929 0.0024 0.7280
1930 0.0024 0.7280
1931 0.0024 0.7280
1932 0.0024 0.7270
1933 0.0024 0.7280
1934 0.0024 0.7280
1935 0.0024 0.7280
1936 0.0024 0.7280
1937 0.0024 0.7270
1938 0.0024 0.7270
1939 0.0024 0.7270
1940 0.0024 0.7280
1941 0.0024 0.7280
1942 0.0024 0.7270
1943 0.0024 0.7270
1944 0.0024 0.7270
1945 0.0024 0.7270
1946 0.0024 0.7270
1947 0.0024 0.7280
1948 0.0024 0.7290
1949 0.0024 0.7280
1950 0.0024 0.7280
1951 0.0024 0.7280
1952 0.0024 0.7280
1953 0.0024 0.7270
1954 0.0024 0.7270
1955 0.0024 0.7270
1956 0.0024 0.7270
1957 0.0024 0.7270
1958 0.0024 0.7270
1959 0.0024 0.7280
1960 0.0024 0.7280
1961 0.0024 0.7280
1962 0.0024 0.7280
1963 0.0024 0.7280
1964 0.0024 0.7280
1965 0.0024 0.7280
1966 0.0024 0.7280
1967 0.0024 0.7280
1968 0.0024 0.7280
1969 0.0024 0.7270
1970 0.0024 0.7270
1971 0.0024 0.7270
1972 0.0024 0.7280
1973 0.0024 0.7280
1974 0.0024 0.7290
1975 0.0024 0.7290
1976 0.0024 0.7290
1977 0.0024 0.7280
1978 0.0024 0.7280
1979 0.0024 0.7280
1980 0.0024 0.7280
1981 0.0024 0.7280
1982 0.0024 0.7280
1983 0.0024 0.7280
1984 0.0024 0.7280
1985 0.0024 0.7280
1986 0.0024 0.7290
1987 0.0024 0.7300
1988 0.0024 0.7290
1989 0.0024 0.7290
1990 0.0024 0.7290
1991 0.0024 0.7280
1992 0.0024 0.7290
1993 0.0024 0.7280
1994 0.0024 0.7290
1995 0.0024 0.7290
1996 0.0024 0.7290
1997 0.0024 0.7310
1998 0.0024 0.7310
1999 0.0024 0.7310
