00 1.7947 0.3410
01 1.6786 0.5890
02 1.2813 0.6610
03 0.8560 0.6840
04 0.5041 0.6930
05 0.2749 0.6900
06 0.1463 0.6840
07 0.0788 0.6740
08 0.0430 0.6740
09 0.0242 0.6620
10 0.0147 0.6630
11 0.0090 0.6640
12 0.0050 0.6620
13 0.0026 0.6620
14 0.0014 0.6560
15 0.0008 0.6520
16 0.0005 0.6490
17 0.0004 0.6510
18 0.0003 0.6470
19 0.0003 0.6460
20 0.0002 0.6410
21 0.0002 0.6420
22 0.0002 0.6420
23 0.0002 0.6430
24 0.0002 0.6400
25 0.0003 0.6410
26 0.0003 0.6380
27 0.0003 0.6400
28 0.0003 0.6390
29 0.0004 0.6390
30 0.0004 0.6440
31 0.0005 0.6430
32 0.0005 0.6440
33 0.0006 0.6450
34 0.0006 0.6450
35 0.0007 0.6560
36 0.0008 0.6570
37 0.0009 0.6620
38 0.0009 0.6700
39 0.0010 0.6760
40 0.0011 0.6790
41 0.0013 0.6800
42 0.0014 0.6850
43 0.0016 0.6890
44 0.0019 0.6890
45 0.0021 0.6920
46 0.0023 0.6950
47 0.0026 0.6960
48 0.0028 0.6950
49 0.0030 0.6930
50 0.0031 0.6940
51 0.0033 0.6940
52 0.0034 0.6910
53 0.0035 0.6900
54 0.0036 0.6890
55 0.0037 0.6900
56 0.0038 0.6910
57 0.0038 0.6910
58 0.0039 0.6920
59 0.0039 0.6910
60 0.0039 0.6900
61 0.0040 0.6880
62 0.0040 0.6880
63 0.0040 0.6890
64 0.0040 0.6880
65 0.0040 0.6910
66 0.0040 0.6930
67 0.0040 0.6940
68 0.0041 0.6940
69 0.0041 0.6940
70 0.0041 0.6940
71 0.0041 0.6940
72 0.0041 0.6950
73 0.0041 0.6950
74 0.0041 0.6950
75 0.0041 0.6950
76 0.0041 0.6950
77 0.0041 0.6960
78 0.0041 0.6920
79 0.0041 0.6910
80 0.0041 0.6910
81 0.0040 0.6910
82 0.0040 0.6890
83 0.0040 0.6890
84 0.0040 0.6890
85 0.0040 0.6900
86 0.0040 0.6900
87 0.0040 0.6890
88 0.0040 0.6900
89 0.0040 0.6900
90 0.0039 0.6890
91 0.0039 0.6890
92 0.0039 0.6890
93 0.0039 0.6890
94 0.0039 0.6900
95 0.0039 0.6910
96 0.0039 0.6910
97 0.0038 0.6900
98 0.0038 0.6900
99 0.0038 0.6910
100 0.0038 0.6910
101 0.0038 0.6910
102 0.0038 0.6920
103 0.0038 0.6920
104 0.0038 0.6930
105 0.0038 0.6920
106 0.0037 0.6920
107 0.0037 0.6920
108 0.0037 0.6920
109 0.0037 0.6920
110 0.0037 0.6920
111 0.0037 0.6920
112 0.0037 0.6920
113 0.0037 0.6910
114 0.0037 0.6910
115 0.0037 0.6910
116 0.0036 0.6910
117 0.0036 0.6910
118 0.0036 0.6910
119 0.0036 0.6920
120 0.0036 0.6920
121 0.0036 0.6920
122 0.0036 0.6920
123 0.0036 0.6920
124 0.0036 0.6920
125 0.0035 0.6920
126 0.0035 0.6900
127 0.0035 0.6880
128 0.0035 0.6880
129 0.0035 0.6890
130 0.0035 0.6890
131 0.0035 0.6890
132 0.0035 0.6890
133 0.0035 0.6890
134 0.0035 0.6890
135 0.0035 0.6890
136 0.0034 0.6890
137 0.0034 0.6890
138 0.0034 0.6890
139 0.0034 0.6900
140 0.0034 0.6890
141 0.0034 0.6900
142 0.0034 0.6890
143 0.0034 0.6890
144 0.0034 0.6890
145 0.0034 0.6890
146 0.0034 0.6880
147 0.0033 0.6880
148 0.0033 0.6880
149 0.0033 0.6860
150 0.0033 0.6850
151 0.0033 0.6840
152 0.0033 0.6840
153 0.0033 0.6840
154 0.0033 0.6840
155 0.0033 0.6840
156 0.0033 0.6840
157 0.0033 0.6840
158 0.0033 0.6820
159 0.0033 0.6820
160 0.0033 0.6810
161 0.0032 0.6810
162 0.0032 0.6800
163 0.0032 0.6800
164 0.0032 0.6800
165 0.0032 0.6800
166 0.0032 0.6800
167 0.0032 0.6800
168 0.0032 0.6800
169 0.0032 0.6800
170 0.0032 0.6800
171 0.0032 0.6800
172 0.0032 0.6790
173 0.0032 0.6780
174 0.0031 0.6780
175 0.0031 0.6780
176 0.0031 0.6780
177 0.0031 0.6790
178 0.0031 0.6800
179 0.0031 0.6780
180 0.0031 0.6780
181 0.0031 0.6780
182 0.0031 0.6780
183 0.0031 0.6780
184 0.0031 0.6780
185 0.0031 0.6780
186 0.0031 0.6780
187 0.0031 0.6780
188 0.0031 0.6780
189 0.0031 0.6780
190 0.0031 0.6770
191 0.0030 0.6770
192 0.0030 0.6750
193 0.0030 0.6750
194 0.0030 0.6750
195 0.0030 0.6750
196 0.0030 0.6750
197 0.0030 0.6750
198 0.0030 0.6750
199 0.0030 0.6760
200 0.0030 0.6760
201 0.0030 0.6760
202 0.0030 0.6760
203 0.0030 0.6760
204 0.0030 0.6760
205 0.0030 0.6740
206 0.0030 0.6740
207 0.0030 0.6740
208 0.0030 0.6740
209 0.0030 0.6740
210 0.0030 0.6740
211 0.0030 0.6740
212 0.0030 0.6730
213 0.0029 0.6730
214 0.0029 0.6730
215 0.0029 0.6740
216 0.0029 0.6740
217 0.0029 0.6730
218 0.0029 0.6740
219 0.0029 0.6740
220 0.0029 0.6740
221 0.0029 0.6740
222 0.0029 0.6740
223 0.0029 0.6740
224 0.0029 0.6740
225 0.0029 0.6740
226 0.0029 0.6740
227 0.0029 0.6740
228 0.0029 0.6730
229 0.0029 0.6730
230 0.0029 0.6740
231 0.0029 0.6750
232 0.0029 0.6750
233 0.0029 0.6750
234 0.0029 0.6750
235 0.0029 0.6750
236 0.0029 0.6760
237 0.0029 0.6750
238 0.0029 0.6750
239 0.0029 0.6750
240 0.0029 0.6760
241 0.0029 0.6760
242 0.0028 0.6760
243 0.0028 0.6760
244 0.0028 0.6760
245 0.0028 0.6760
246 0.0028 0.6760
247 0.0028 0.6770
248 0.0028 0.6770
249 0.0028 0.6770
250 0.0028 0.6770
251 0.0028 0.6770
252 0.0028 0.6760
253 0.0028 0.6760
254 0.0028 0.6760
255 0.0028 0.6760
256 0.0028 0.6760
257 0.0028 0.6760
258 0.0028 0.6760
259 0.0028 0.6760
260 0.0028 0.6760
261 0.0028 0.6760
262 0.0028 0.6770
263 0.0028 0.6770
264 0.0028 0.6770
265 0.0028 0.6770
266 0.0028 0.6770
267 0.0028 0.6760
268 0.0028 0.6770
269 0.0028 0.6770
270 0.0028 0.6770
271 0.0028 0.6770
272 0.0028 0.6770
273 0.0028 0.6750
274 0.0028 0.6750
275 0.0028 0.6750
276 0.0028 0.6760
277 0.0028 0.6770
278 0.0027 0.6780
279 0.0027 0.6780
280 0.0027 0.6780
281 0.0027 0.6770
282 0.0027 0.6770
283 0.0027 0.6770
284 0.0027 0.6770
285 0.0027 0.6770
286 0.0027 0.6770
287 0.0027 0.6770
288 0.0027 0.6770
289 0.0027 0.6770
290 0.0027 0.6770
291 0.0027 0.6770
292 0.0027 0.6770
293 0.0027 0.6770
294 0.0027 0.6770
295 0.0027 0.6770
296 0.0027 0.6770
297 0.0027 0.6770
298 0.0027 0.6770
299 0.0027 0.6770
300 0.0027 0.6770
301 0.0027 0.6760
302 0.0027 0.6750
303 0.0027 0.6750
304 0.0027 0.6750
305 0.0027 0.6750
306 0.0027 0.6750
307 0.0027 0.6730
308 0.0027 0.6730
309 0.0027 0.6730
310 0.0027 0.6730
311 0.0027 0.6730
312 0.0027 0.6730
313 0.0027 0.6730
314 0.0027 0.6730
315 0.0027 0.6730
316 0.0027 0.6730
317 0.0027 0.6730
318 0.0027 0.6730
319 0.0027 0.6730
320 0.0027 0.6730
321 0.0027 0.6720
322 0.0027 0.6720
323 0.0027 0.6700
324 0.0027 0.6700
325 0.0026 0.6700
326 0.0026 0.6700
327 0.0026 0.6700
328 0.0026 0.6700
329 0.0026 0.6700
330 0.0026 0.6700
331 0.0026 0.6700
332 0.0026 0.6700
333 0.0026 0.6700
334 0.0026 0.6700
335 0.0026 0.6700
336 0.0026 0.6700
337 0.0026 0.6700
338 0.0026 0.6700
339 0.0026 0.6700
340 0.0026 0.6690
341 0.0026 0.6690
342 0.0026 0.6690
343 0.0026 0.6690
344 0.0026 0.6690
345 0.0026 0.6690
346 0.0026 0.6690
347 0.0026 0.6690
348 0.0026 0.6690
349 0.0026 0.6690
350 0.0026 0.6690
351 0.0026 0.6690
352 0.0026 0.6690
353 0.0026 0.6680
354 0.0026 0.6680
355 0.0026 0.6670
356 0.0026 0.6670
357 0.0026 0.6680
358 0.0026 0.6680
359 0.0026 0.6680
360 0.0026 0.6670
361 0.0026 0.6670
362 0.0026 0.6670
363 0.0026 0.6670
364 0.0026 0.6670
365 0.0026 0.6680
366 0.0026 0.6680
367 0.0026 0.6680
368 0.0026 0.6680
369 0.0026 0.6680
370 0.0026 0.6680
371 0.0026 0.6680
372 0.0026 0.6670
373 0.0026 0.6670
374 0.0026 0.6690
375 0.0026 0.6690
376 0.0026 0.6690
377 0.0026 0.6690
378 0.0026 0.6690
379 0.0026 0.6690
380 0.0025 0.6700
381 0.0025 0.6700
382 0.0025 0.6690
383 0.0025 0.6690
384 0.0025 0.6690
385 0.0025 0.6700
386 0.0025 0.6700
387 0.0025 0.6690
388 0.0025 0.6690
389 0.0025 0.6690
390 0.0025 0.6690
391 0.0025 0.6690
392 0.0025 0.6690
393 0.0025 0.6690
394 0.0025 0.6690
395 0.0025 0.6690
396 0.0025 0.6690
397 0.0025 0.6690
398 0.0025 0.6690
399 0.0025 0.6690
400 0.0025 0.6690
401 0.0025 0.6690
402 0.0025 0.6710
403 0.0025 0.6730
404 0.0025 0.6740
405 0.0025 0.6730
406 0.0025 0.6730
407 0.0025 0.6730
408 0.0025 0.6730
409 0.0025 0.6730
410 0.0025 0.6730
411 0.0025 0.6730
412 0.0025 0.6730
413 0.0025 0.6740
414 0.0025 0.6730
415 0.0025 0.6730
416 0.0025 0.6730
417 0.0025 0.6730
418 0.0025 0.6730
419 0.0025 0.6730
420 0.0025 0.6730
421 0.0025 0.6720
422 0.0025 0.6720
423 0.0025 0.6720
424 0.0025 0.6730
425 0.0025 0.6740
426 0.0025 0.6750
427 0.0025 0.6750
428 0.0025 0.6750
429 0.0025 0.6750
430 0.0025 0.6740
431 0.0025 0.6740
432 0.0025 0.6750
433 0.0025 0.6750
434 0.0025 0.6750
435 0.0025 0.6760
436 0.0025 0.6760
437 0.0025 0.6760
438 0.0025 0.6770
439 0.0025 0.6770
440 0.0025 0.6770
441 0.0025 0.6770
442 0.0024 0.6770
443 0.0024 0.6780
444 0.0024 0.6780
445 0.0024 0.6780
446 0.0024 0.6780
447 0.0024 0.6780
448 0.0024 0.6780
449 0.0024 0.6780
450 0.0024 0.6780
451 0.0024 0.6780
452 0.0024 0.6780
453 0.0024 0.6780
454 0.0024 0.6780
455 0.0024 0.6780
456 0.0024 0.6780
457 0.0024 0.6780
458 0.0024 0.6780
459 0.0024 0.6780
460 0.0024 0.6780
461 0.0024 0.6780
462 0.0024 0.6780
463 0.0024 0.6780
464 0.0024 0.6780
465 0.0024 0.6780
466 0.0024 0.6780
467 0.0024 0.6780
468 0.0024 0.6780
469 0.0024 0.6780
470 0.0024 0.6780
471 0.0024 0.6780
472 0.0024 0.6780
473 0.0024 0.6780
474 0.0024 0.6780
475 0.0024 0.6780
476 0.0024 0.6780
477 0.0024 0.6780
478 0.0024 0.6780
479 0.0024 0.6780
480 0.0024 0.6780
481 0.0024 0.6780
482 0.0024 0.6780
483 0.0024 0.6790
484 0.0024 0.6790
485 0.0024 0.6790
486 0.0024 0.6790
487 0.0024 0.6790
488 0.0024 0.6790
489 0.0024 0.6780
490 0.0024 0.6780
491 0.0024 0.6780
492 0.0024 0.6780
493 0.0024 0.6780
494 0.0024 0.6780
495 0.0024 0.6780
496 0.0024 0.6780
497 0.0024 0.6780
498 0.0024 0.6780
499 0.0024 0.6780
500 0.0024 0.6780
501 0.0024 0.6780
502 0.0024 0.6770
503 0.0024 0.6770
504 0.0024 0.6780
505 0.0024 0.6780
506 0.0024 0.6780
507 0.0024 0.6780
508 0.0024 0.6790
509 0.0024 0.6790
510 0.0024 0.6790
511 0.0024 0.6790
512 0.0024 0.6790
513 0.0024 0.6790
514 0.0024 0.6800
515 0.0024 0.6800
516 0.0023 0.6800
517 0.0023 0.6790
518 0.0023 0.6790
519 0.0023 0.6790
520 0.0023 0.6790
521 0.0023 0.6790
522 0.0023 0.6790
523 0.0023 0.6790
524 0.0023 0.6790
525 0.0023 0.6790
526 0.0023 0.6790
527 0.0023 0.6790
528 0.0023 0.6790
529 0.0023 0.6800
530 0.0023 0.6800
531 0.0023 0.6790
532 0.0023 0.6790
533 0.0023 0.6790
534 0.0023 0.6800
535 0.0023 0.6800
536 0.0023 0.6800
537 0.0023 0.6800
538 0.0023 0.6800
539 0.0023 0.6800
540 0.0023 0.6800
541 0.0023 0.6800
542 0.0023 0.6800
543 0.0023 0.6800
544 0.0023 0.6800
545 0.0023 0.6800
546 0.0023 0.6800
547 0.0023 0.6800
548 0.0023 0.6800
549 0.0023 0.6800
550 0.0023 0.6800
551 0.0023 0.6790
552 0.0023 0.6790
553 0.0023 0.6790
554 0.0023 0.6790
555 0.0023 0.6780
556 0.0023 0.6780
557 0.0023 0.6780
558 0.0023 0.6780
559 0.0023 0.6780
560 0.0023 0.6780
561 0.0023 0.6780
562 0.0023 0.6770
563 0.0023 0.6770
564 0.0023 0.6770
565 0.0023 0.6770
566 0.0023 0.6770
567 0.0023 0.6770
568 0.0023 0.6770
569 0.0023 0.6770
570 0.0023 0.6770
571 0.0023 0.6760
572 0.0023 0.6760
573 0.0023 0.6760
574 0.0023 0.6760
575 0.0023 0.6760
576 0.0023 0.6760
577 0.0023 0.6760
578 0.0023 0.6770
579 0.0023 0.6770
580 0.0023 0.6760
581 0.0023 0.6760
582 0.0023 0.6760
583 0.0023 0.6770
584 0.0023 0.6770
585 0.0023 0.6770
586 0.0023 0.6770
587 0.0023 0.6770
588 0.0023 0.6770
589 0.0023 0.6770
590 0.0023 0.6770
591 0.0023 0.6770
592 0.0023 0.6770
593 0.0023 0.6770
594 0.0023 0.6770
595 0.0023 0.6770
596 0.0023 0.6760
597 0.0023 0.6770
598 0.0023 0.6770
599 0.0023 0.6760
600 0.0023 0.6760
601 0.0022 0.6760
602 0.0022 0.6760
603 0.0022 0.6760
604 0.0022 0.6760
605 0.0022 0.6750
606 0.0022 0.6750
607 0.0022 0.6760
608 0.0022 0.6760
609 0.0022 0.6750
610 0.0022 0.6760
611 0.0022 0.6760
612 0.0022 0.6760
613 0.0022 0.6770
614 0.0022 0.6770
615 0.0022 0.6770
616 0.0022 0.6770
617 0.0022 0.6760
618 0.0022 0.6760
619 0.0022 0.6750
620 0.0022 0.6750
621 0.0022 0.6750
622 0.0022 0.6750
623 0.0022 0.6740
624 0.0022 0.6740
625 0.0022 0.6750
626 0.0022 0.6760
627 0.0022 0.6760
628 0.0022 0.6760
629 0.0022 0.6750
630 0.0022 0.6750
631 0.0022 0.6750
632 0.0022 0.6750
633 0.0022 0.6760
634 0.0022 0.6760
635 0.0022 0.6780
636 0.0022 0.6800
637 0.0022 0.6790
638 0.0022 0.6790
639 0.0022 0.6790
640 0.0022 0.6790
641 0.0022 0.6790
642 0.0022 0.6790
643 0.0022 0.6790
644 0.0022 0.6790
645 0.0022 0.6790
646 0.0022 0.6790
647 0.0022 0.6790
648 0.0022 0.6790
649 0.0022 0.6790
650 0.0022 0.6780
651 0.0022 0.6780
652 0.0022 0.6770
653 0.0022 0.6770
654 0.0022 0.6780
655 0.0022 0.6780
656 0.0022 0.6780
657 0.0022 0.6780
658 0.0022 0.6780
659 0.0022 0.6780
660 0.0022 0.6780
661 0.0022 0.6780
662 0.0022 0.6800
663 0.0022 0.6800
664 0.0022 0.6800
665 0.0022 0.6810
666 0.0022 0.6810
667 0.0022 0.6810
668 0.0022 0.6810
669 0.0022 0.6800
670 0.0022 0.6800
671 0.0022 0.6800
672 0.0022 0.6810
673 0.0022 0.6810
674 0.0022 0.6810
675 0.0022 0.6810
676 0.0022 0.6810
677 0.0022 0.6810
678 0.0022 0.6810
679 0.0022 0.6800
680 0.0022 0.6800
681 0.0022 0.6800
682 0.0022 0.6800
683 0.0022 0.6800
684 0.0022 0.6800
685 0.0022 0.6800
686 0.0022 0.6800
687 0.0022 0.6800
688 0.0022 0.6800
689 0.0022 0.6810
690 0.0022 0.6810
691 0.0022 0.6820
692 0.0022 0.6810
693 0.0022 0.6810
694 0.0022 0.6810
695 0.0021 0.6810
696 0.0021 0.6810
697 0.0021 0.6810
698 0.0021 0.6810
699 0.0021 0.6820
700 0.0021 0.6820
701 0.0021 0.6820
702 0.0021 0.6820
703 0.0021 0.6820
704 0.0021 0.6820
705 0.0021 0.6820
706 0.0021 0.6820
707 0.0021 0.6820
708 0.0021 0.6820
709 0.0021 0.6820
710 0.0021 0.6820
711 0.0021 0.6820
712 0.0021 0.6810
713 0.0021 0.6810
714 0.0021 0.6810
715 0.0021 0.6820
716 0.0021 0.6820
717 0.0021 0.6820
718 0.0021 0.6820
719 0.0021 0.6800
720 0.0021 0.6790
721 0.0021 0.6790
722 0.0021 0.6790
723 0.0021 0.6790
724 0.0021 0.6800
725 0.0021 0.6800
726 0.0021 0.6800
727 0.0021 0.6800
728 0.0021 0.6790
729 0.0021 0.6790
730 0.0021 0.6790
731 0.0021 0.6790
732 0.0021 0.6790
733 0.0021 0.6790
734 0.0021 0.6790
735 0.0021 0.6790
736 0.0021 0.6790
737 0.0021 0.6780
738 0.0021 0.6780
739 0.0021 0.6780
740 0.0021 0.6780
741 0.0021 0.6780
742 0.0021 0.6780
743 0.0021 0.6780
744 0.0021 0.6780
745 0.0021 0.6780
746 0.0021 0.6780
747 0.0021 0.6780
748 0.0021 0.6780
749 0.0021 0.6780
750 0.0021 0.6780
751 0.0021 0.6780
752 0.0021 0.6770
753 0.0021 0.6770
754 0.0021 0.6770
755 0.0021 0.6770
756 0.0021 0.6780
757 0.0021 0.6770
758 0.0021 0.6760
759 0.0021 0.6760
760 0.0021 0.6760
761 0.0021 0.6760
762 0.0021 0.6770
763 0.0021 0.6760
764 0.0021 0.6760
765 0.0021 0.6760
766 0.0021 0.6750
767 0.0021 0.6750
768 0.0021 0.6750
769 0.0021 0.6750
770 0.0021 0.6750
771 0.0021 0.6740
772 0.0021 0.6740
773 0.0021 0.6740
774 0.0021 0.6740
775 0.0021 0.6740
776 0.0021 0.6740
777 0.0021 0.6740
778 0.0021 0.6740
779 0.0021 0.6730
780 0.0021 0.6740
781 0.0021 0.6740
782 0.0021 0.6740
783 0.0021 0.6740
784 0.0021 0.6740
785 0.0021 0.6740
786 0.0021 0.6740
787 0.0021 0.6730
788 0.0021 0.6750
789 0.0021 0.6750
790 0.0021 0.6750
791 0.0021 0.6750
792 0.0021 0.6750
793 0.0021 0.6740
794 0.0021 0.6740
795 0.0021 0.6740
796 0.0021 0.6740
797 0.0021 0.6750
798 0.0021 0.6750
799 0.0021 0.6740
800 0.0021 0.6740
801 0.0021 0.6750
802 0.0021 0.6750
803 0.0021 0.6750
804 0.0021 0.6750
805 0.0021 0.6760
806 0.0021 0.6760
807 0.0021 0.6760
808 0.0021 0.6760
809 0.0021 0.6760
810 0.0021 0.6760
811 0.0021 0.6760
812 0.0021 0.6760
813 0.0021 0.6760
814 0.0021 0.6760
815 0.0021 0.6760
816 0.0021 0.6760
817 0.0021 0.6750
818 0.0021 0.6750
819 0.0021 0.6750
820 0.0021 0.6740
821 0.0021 0.6740
822 0.0021 0.6740
823 0.0021 0.6740
824 0.0021 0.6750
825 0.0021 0.6740
826 0.0021 0.6740
827 0.0021 0.6740
828 0.0021 0.6740
829 0.0021 0.6720
830 0.0021 0.6730
831 0.0021 0.6720
832 0.0021 0.6740
833 0.0021 0.6730
834 0.0021 0.6720
835 0.0021 0.6720
836 0.0021 0.6720
837 0.0021 0.6710
838 0.0021 0.6740
839 0.0021 0.6740
840 0.0020 0.6740
841 0.0020 0.6730
842 0.0020 0.6730
843 0.0020 0.6730
844 0.0020 0.6730
845 0.0020 0.6730
846 0.0020 0.6740
847 0.0020 0.6740
848 0.0020 0.6740
849 0.0020 0.6740
850 0.0020 0.6740
851 0.0020 0.6740
852 0.0020 0.6740
853 0.0020 0.6740
854 0.0020 0.6730
855 0.0020 0.6720
856 0.0020 0.6730
857 0.0020 0.6730
858 0.0020 0.6740
859 0.0020 0.6740
860 0.0020 0.6740
861 0.0020 0.6740
862 0.0020 0.6740
863 0.0020 0.6740
864 0.0020 0.6740
865 0.0020 0.6730
866 0.0020 0.6730
867 0.0020 0.6730
868 0.0020 0.6730
869 0.0020 0.6730
870 0.0020 0.6730
871 0.0020 0.6730
872 0.0020 0.6730
873 0.0020 0.6730
874 0.0020 0.6730
875 0.0020 0.6730
876 0.0020 0.6730
877 0.0020 0.6730
878 0.0020 0.6730
879 0.0020 0.6720
880 0.0020 0.6720
881 0.0020 0.6720
882 0.0020 0.6720
883 0.0020 0.6720
884 0.0020 0.6720
885 0.0020 0.6720
886 0.0020 0.6730
887 0.0020 0.6730
888 0.0020 0.6730
889 0.0020 0.6730
890 0.0020 0.6740
891 0.0020 0.6750
892 0.0020 0.6750
893 0.0020 0.6750
894 0.0020 0.6750
895 0.0020 0.6750
896 0.0020 0.6740
897 0.0020 0.6740
898 0.0020 0.6750
899 0.0020 0.6750
900 0.0020 0.6750
901 0.0020 0.6750
902 0.0020 0.6750
903 0.0020 0.6740
904 0.0020 0.6740
905 0.0020 0.6740
906 0.0020 0.6740
907 0.0020 0.6740
908 0.0020 0.6750
909 0.0020 0.6750
910 0.0020 0.6750
911 0.0020 0.6750
912 0.0020 0.6740
913 0.0020 0.6740
914 0.0020 0.6740
915 0.0020 0.6740
916 0.0020 0.6730
917 0.0020 0.6730
918 0.0020 0.6730
919 0.0020 0.6730
920 0.0020 0.6730
921 0.0020 0.6730
922 0.0020 0.6730
923 0.0020 0.6730
924 0.0020 0.6740
925 0.0020 0.6740
926 0.0020 0.6740
927 0.0020 0.6740
928 0.0020 0.6740
929 0.0020 0.6740
930 0.0020 0.6740
931 0.0020 0.6730
932 0.0020 0.6730
933 0.0020 0.6730
934 0.0020 0.6740
935 0.0020 0.6740
936 0.0020 0.6740
937 0.0020 0.6740
938 0.0020 0.6740
939 0.0020 0.6740
940 0.0020 0.6740
941 0.0020 0.6730
942 0.0020 0.6730
943 0.0020 0.6730
944 0.0020 0.6730
945 0.0020 0.6740
946 0.0020 0.6740
947 0.0020 0.6740
948 0.0020 0.6730
949 0.0020 0.6730
950 0.0020 0.6720
951 0.0020 0.6720
952 0.0020 0.6720
953 0.0020 0.6710
954 0.0020 0.6710
955 0.0020 0.6710
956 0.0020 0.6720
957 0.0020 0.6720
958 0.0020 0.6720
959 0.0020 0.6720
960 0.0020 0.6730
961 0.0020 0.6730
962 0.0020 0.6730
963 0.0020 0.6730
964 0.0020 0.6730
965 0.0020 0.6730
966 0.0020 0.6730
967 0.0020 0.6730
968 0.0020 0.6730
969 0.0020 0.6730
970 0.0020 0.6730
971 0.0020 0.6730
972 0.0020 0.6730
973 0.0020 0.6730
974 0.0020 0.6720
975 0.0020 0.6720
976 0.0020 0.6720
977 0.0020 0.6720
978 0.0020 0.6720
979 0.0020 0.6720
980 0.0020 0.6720
981 0.0020 0.6720
982 0.0020 0.6720
983 0.0020 0.6720
984 0.0020 0.6720
985 0.0020 0.6720
986 0.0020 0.6720
987 0.0020 0.6720
988 0.0020 0.6720
989 0.0020 0.6720
990 0.0020 0.6720
991 0.0020 0.6720
992 0.0020 0.6720
993 0.0020 0.6720
994 0.0020 0.6720
995 0.0020 0.6720
996 0.0020 0.6720
997 0.0020 0.6720
998 0.0020 0.6720
999 0.0020 0.6720
1000 0.0020 0.6720
1001 0.0020 0.6720
1002 0.0020 0.6720
1003 0.0020 0.6720
1004 0.0020 0.6720
1005 0.0020 0.6720
1006 0.0020 0.6720
1007 0.0020 0.6720
1008 0.0020 0.6720
1009 0.0020 0.6720
1010 0.0020 0.6720
1011 0.0020 0.6720
1012 0.0020 0.6720
1013 0.0020 0.6730
1014 0.0020 0.6730
1015 0.0020 0.6730
1016 0.0020 0.6730
1017 0.0020 0.6730
1018 0.0020 0.6720
1019 0.0020 0.6730
1020 0.0020 0.6740
1021 0.0020 0.6740
1022 0.0020 0.6750
1023 0.0020 0.6750
1024 0.0020 0.6750
1025 0.0020 0.6750
1026 0.0020 0.6750
1027 0.0020 0.6750
1028 0.0020 0.6750
1029 0.0020 0.6750
1030 0.0020 0.6750
1031 0.0020 0.6760
1032 0.0020 0.6750
1033 0.0020 0.6750
1034 0.0020 0.6750
1035 0.0020 0.6750
1036 0.0020 0.6750
1037 0.0020 0.6750
1038 0.0020 0.6750
1039 0.0020 0.6750
1040 0.0020 0.6750
1041 0.0020 0.6750
1042 0.0020 0.6750
1043 0.0020 0.6750
1044 0.0020 0.6750
1045 0.0020 0.6750
1046 0.0020 0.6750
1047 0.0020 0.6750
1048 0.0020 0.6750
1049 0.0020 0.6750
1050 0.0020 0.6750
1051 0.0020 0.6740
1052 0.0020 0.6740
1053 0.0020 0.6740
1054 0.0020 0.6740
1055 0.0020 0.6740
1056 0.0020 0.6740
1057 0.0020 0.6740
1058 0.0020 0.6750
1059 0.0020 0.6750
1060 0.0020 0.6750
1061 0.0020 0.6750
1062 0.0020 0.6740
1063 0.0020 0.6750
1064 0.0020 0.6750
1065 0.0020 0.6740
1066 0.0020 0.6740
1067 0.0020 0.6740
1068 0.0020 0.6740
1069 0.0020 0.6740
1070 0.0020 0.6760
1071 0.0020 0.6760
1072 0.0020 0.6740
1073 0.0020 0.6720
1074 0.0020 0.6720
1075 0.0020 0.6730
1076 0.0020 0.6740
1077 0.0020 0.6740
1078 0.0020 0.6730
1079 0.0020 0.6730
1080 0.0020 0.6730
1081 0.0020 0.6740
1082 0.0020 0.6740
1083 0.0020 0.6740
1084 0.0020 0.6730
1085 0.0020 0.6730
1086 0.0020 0.6740
1087 0.0020 0.6740
1088 0.0020 0.6740
1089 0.0020 0.6740
1090 0.0020 0.6730
1091 0.0020 0.6730
1092 0.0020 0.6730
1093 0.0020 0.6730
1094 0.0020 0.6730
1095 0.0020 0.6730
1096 0.0020 0.6730
1097 0.0020 0.6730
1098 0.0020 0.6730
1099 0.0020 0.6740
1100 0.0020 0.6730
1101 0.0020 0.6720
1102 0.0020 0.6730
1103 0.0020 0.6720
1104 0.0020 0.6720
1105 0.0020 0.6730
1106 0.0020 0.6730
1107 0.0020 0.6720
1108 0.0020 0.6730
1109 0.0020 0.6720
1110 0.0020 0.6710
1111 0.0020 0.6700
1112 0.0020 0.6710
1113 0.0020 0.6710
1114 0.0020 0.6700
1115 0.0020 0.6700
1116 0.0020 0.6700
1117 0.0020 0.6700
1118 0.0020 0.6700
1119 0.0020 0.6700
1120 0.0020 0.6710
1121 0.0020 0.6710
1122 0.0020 0.6720
1123 0.0020 0.6720
1124 0.0020 0.6720
1125 0.0020 0.6710
1126 0.0020 0.6710
1127 0.0020 0.6710
1128 0.0020 0.6710
1129 0.0020 0.6710
1130 0.0020 0.6730
1131 0.0020 0.6730
1132 0.0020 0.6720
1133 0.0020 0.6720
1134 0.0020 0.6710
1135 0.0020 0.6710
1136 0.0020 0.6690
1137 0.0020 0.6670
1138 0.0020 0.6690
1139 0.0020 0.6690
1140 0.0020 0.6720
1141 0.0020 0.6700
1142 0.0020 0.6690
1143 0.0020 0.6680
1144 0.0020 0.6680
1145 0.0020 0.6680
1146 0.0020 0.6680
1147 0.0020 0.6680
1148 0.0020 0.6680
1149 0.0020 0.6680
1150 0.0020 0.6680
1151 0.0020 0.6680
1152 0.0020 0.6690
1153 0.0020 0.6690
1154 0.0020 0.6680
1155 0.0020 0.6670
1156 0.0020 0.6680
1157 0.0020 0.6690
1158 0.0020 0.6690
1159 0.0020 0.6690
1160 0.0020 0.6690
1161 0.0020 0.6680
1162 0.0020 0.6680
1163 0.0020 0.6680
1164 0.0020 0.6670
1165 0.0020 0.6670
1166 0.0020 0.6680
1167 0.0020 0.6680
1168 0.0020 0.6680
1169 0.0020 0.6680
1170 0.0020 0.6680
1171 0.0020 0.6680
1172 0.0020 0.6680
1173 0.0020 0.6680
1174 0.0020 0.6680
1175 0.0020 0.6680
1176 0.0020 0.6680
1177 0.0020 0.6680
1178 0.0020 0.6680
1179 0.0020 0.6670
1180 0.0020 0.6670
1181 0.0020 0.6670
1182 0.0020 0.6680
1183 0.0020 0.6680
1184 0.0020 0.6680
1185 0.0020 0.6680
1186 0.0020 0.6680
1187 0.0020 0.6680
1188 0.0020 0.6680
1189 0.0020 0.6680
1190 0.0020 0.6680
1191 0.0020 0.6680
1192 0.0020 0.6680
1193 0.0020 0.6680
1194 0.0020 0.6680
1195 0.0020 0.6680
1196 0.0020 0.6680
1197 0.0020 0.6680
1198 0.0020 0.6680
1199 0.0020 0.6670
1200 0.0020 0.6680
1201 0.0020 0.6680
1202 0.0020 0.6680
1203 0.0020 0.6680
1204 0.0020 0.6680
1205 0.0020 0.6670
1206 0.0020 0.6670
1207 0.0020 0.6680
1208 0.0020 0.6680
1209 0.0020 0.6680
1210 0.0020 0.6670
1211 0.0020 0.6670
1212 0.0020 0.6680
1213 0.0020 0.6680
1214 0.0020 0.6680
1215 0.0020 0.6670
1216 0.0020 0.6670
1217 0.0020 0.6670
1218 0.0020 0.6670
1219 0.0020 0.6680
1220 0.0020 0.6680
1221 0.0020 0.6680
1222 0.0020 0.6670
1223 0.0020 0.6670
1224 0.0020 0.6670
1225 0.0020 0.6670
1226 0.0020 0.6670
1227 0.0020 0.6670
1228 0.0020 0.6670
1229 0.0020 0.6670
1230 0.0020 0.6670
1231 0.0020 0.6670
1232 0.0020 0.6670
1233 0.0020 0.6660
1234 0.0020 0.6670
1235 0.0020 0.6670
1236 0.0020 0.6680
1237 0.0020 0.6680
1238 0.0020 0.6670
1239 0.0020 0.6660
1240 0.0020 0.6670
1241 0.0020 0.6670
1242 0.0020 0.6670
1243 0.0020 0.6670
1244 0.0020 0.6670
1245 0.0020 0.6670
1246 0.0020 0.6670
1247 0.0020 0.6660
1248 0.0020 0.6670
1249 0.0020 0.6670
1250 0.0020 0.6670
1251 0.0020 0.6670
1252 0.0020 0.6670
1253 0.0020 0.6670
1254 0.0020 0.6670
1255 0.0020 0.6670
1256 0.0020 0.6670
1257 0.0020 0.6670
1258 0.0020 0.6660
1259 0.0020 0.6660
1260 0.0020 0.6660
1261 0.0020 0.6660
1262 0.0020 0.6660
1263 0.0020 0.6660
1264 0.0020 0.6660
1265 0.0020 0.6660
1266 0.0020 0.6660
1267 0.0020 0.6660
1268 0.0020 0.6660
1269 0.0020 0.6660
1270 0.0020 0.6660
1271 0.0020 0.6660
1272 0.0020 0.6660
1273 0.0020 0.6660
1274 0.0020 0.6660
1275 0.0020 0.6660
1276 0.0020 0.6660
1277 0.0020 0.6660
1278 0.0020 0.6660
1279 0.0020 0.6660
1280 0.0020 0.6660
1281 0.0020 0.6660
1282 0.0020 0.6660
1283 0.0020 0.6660
1284 0.0020 0.6660
1285 0.0020 0.6660
1286 0.0020 0.6660
1287 0.0020 0.6660
1288 0.0020 0.6660
1289 0.0020 0.6660
1290 0.0020 0.6660
1291 0.0020 0.6660
1292 0.0020 0.6660
1293 0.0020 0.6660
1294 0.0020 0.6660
1295 0.0020 0.6660
1296 0.0020 0.6660
1297 0.0020 0.6660
1298 0.0020 0.6660
1299 0.0020 0.6660
1300 0.0020 0.6660
1301 0.0020 0.6660
1302 0.0020 0.6660
1303 0.0020 0.6660
1304 0.0020 0.6660
1305 0.0020 0.6660
1306 0.0020 0.6660
1307 0.0020 0.6660
1308 0.0020 0.6660
1309 0.0020 0.6660
1310 0.0020 0.6660
1311 0.0020 0.6660
1312 0.0020 0.6660
1313 0.0020 0.6660
1314 0.0020 0.6660
1315 0.0020 0.6660
1316 0.0020 0.6660
1317 0.0020 0.6660
1318 0.0020 0.6660
1319 0.0020 0.6650
1320 0.0020 0.6650
1321 0.0020 0.6660
1322 0.0020 0.6660
1323 0.0020 0.6660
1324 0.0020 0.6650
1325 0.0020 0.6650
1326 0.0020 0.6650
1327 0.0020 0.6650
1328 0.0020 0.6650
1329 0.0020 0.6650
1330 0.0020 0.6650
1331 0.0020 0.6650
1332 0.0020 0.6650
1333 0.0020 0.6650
1334 0.0020 0.6650
1335 0.0020 0.6650
1336 0.0020 0.6650
1337 0.0020 0.6650
1338 0.0020 0.6650
1339 0.0020 0.6650
1340 0.0020 0.6650
1341 0.0020 0.6650
1342 0.0020 0.6650
1343 0.0020 0.6650
1344 0.0020 0.6650
1345 0.0020 0.6650
1346 0.0020 0.6650
1347 0.0020 0.6640
1348 0.0020 0.6650
1349 0.0020 0.6650
1350 0.0020 0.6650
1351 0.0020 0.6650
1352 0.0020 0.6650
1353 0.0020 0.6650
1354 0.0020 0.6640
1355 0.0020 0.6650
1356 0.0020 0.6650
1357 0.0020 0.6650
1358 0.0020 0.6650
1359 0.0020 0.6640
1360 0.0020 0.6640
1361 0.0020 0.6640
1362 0.0020 0.6640
1363 0.0020 0.6650
1364 0.0020 0.6650
1365 0.0020 0.6650
1366 0.0020 0.6640
1367 0.0020 0.6650
1368 0.0020 0.6650
1369 0.0020 0.6650
1370 0.0020 0.6650
1371 0.0020 0.6640
1372 0.0020 0.6640
1373 0.0020 0.6640
1374 0.0020 0.6640
1375 0.0020 0.6650
1376 0.0020 0.6650
1377 0.0020 0.6650
1378 0.0020 0.6640
1379 0.0020 0.6650
1380 0.0020 0.6650
1381 0.0020 0.6650
1382 0.0020 0.6650
1383 0.0020 0.6650
1384 0.0020 0.6640
1385 0.0020 0.6630
1386 0.0020 0.6630
1387 0.0020 0.6640
1388 0.0020 0.6650
1389 0.0020 0.6650
1390 0.0020 0.6640
1391 0.0020 0.6650
1392 0.0020 0.6650
1393 0.0020 0.6630
1394 0.0020 0.6630
1395 0.0020 0.6630
1396 0.0020 0.6640
1397 0.0020 0.6640
1398 0.0020 0.6640
1399 0.0020 0.6640
1400 0.0020 0.6630
1401 0.0020 0.6630
1402 0.0020 0.6640
1403 0.0020 0.6650
1404 0.0020 0.6640
1405 0.0020 0.6630
1406 0.0020 0.6630
1407 0.0020 0.6630
1408 0.0020 0.6630
1409 0.0020 0.6630
1410 0.0020 0.6630
1411 0.0020 0.6630
1412 0.0020 0.6640
1413 0.0020 0.6640
1414 0.0020 0.6640
1415 0.0020 0.6630
1416 0.0020 0.6630
1417 0.0020 0.6630
1418 0.0020 0.6630
1419 0.0020 0.6630
1420 0.0020 0.6630
1421 0.0020 0.6630
1422 0.0020 0.6630
1423 0.0020 0.6630
1424 0.0020 0.6640
1425 0.0020 0.6640
1426 0.0020 0.6630
1427 0.0020 0.6630
1428 0.0020 0.6630
1429 0.0020 0.6630
1430 0.0020 0.6630
1431 0.0020 0.6630
1432 0.0020 0.6630
1433 0.0020 0.6630
1434 0.0020 0.6630
1435 0.0020 0.6630
1436 0.0020 0.6630
1437 0.0020 0.6630
1438 0.0020 0.6640
1439 0.0020 0.6630
1440 0.0020 0.6630
1441 0.0020 0.6630
1442 0.0020 0.6630
1443 0.0020 0.6630
1444 0.0020 0.6630
1445 0.0020 0.6630
1446 0.0020 0.6630
1447 0.0020 0.6630
1448 0.0020 0.6630
1449 0.0020 0.6640
1450 0.0020 0.6630
1451 0.0020 0.6640
1452 0.0020 0.6630
1453 0.0020 0.6630
1454 0.0020 0.6630
1455 0.0020 0.6630
1456 0.0020 0.6630
1457 0.0020 0.6630
1458 0.0020 0.6630
1459 0.0020 0.6630
1460 0.0020 0.6630
1461 0.0020 0.6630
1462 0.0020 0.6630
1463 0.0020 0.6630
1464 0.0020 0.6630
1465 0.0020 0.6630
1466 0.0020 0.6630
1467 0.0020 0.6630
1468 0.0020 0.6630
1469 0.0020 0.6630
1470 0.0020 0.6630
1471 0.0020 0.6630
1472 0.0020 0.6630
1473 0.0020 0.6630
1474 0.0020 0.6630
1475 0.0020 0.6630
1476 0.0020 0.6630
1477 0.0020 0.6630
1478 0.0020 0.6630
1479 0.0020 0.6630
1480 0.0020 0.6630
1481 0.0020 0.6630
1482 0.0020 0.6630
1483 0.0020 0.6630
1484 0.0020 0.6630
1485 0.0020 0.6630
1486 0.0020 0.6630
1487 0.0020 0.6630
1488 0.0020 0.6630
1489 0.0020 0.6630
1490 0.0020 0.6630
1491 0.0020 0.6630
1492 0.0020 0.6630
1493 0.0020 0.6630
1494 0.0020 0.6630
1495 0.0020 0.6630
1496 0.0020 0.6630
1497 0.0020 0.6630
1498 0.0020 0.6630
1499 0.0020 0.6630
1500 0.0020 0.6630
1501 0.0020 0.6630
1502 0.0020 0.6630
1503 0.0020 0.6630
1504 0.0020 0.6630
1505 0.0020 0.6630
1506 0.0020 0.6630
1507 0.0020 0.6630
1508 0.0020 0.6630
1509 0.0020 0.6630
1510 0.0020 0.6630
1511 0.0020 0.6630
1512 0.0020 0.6630
1513 0.0020 0.6630
1514 0.0020 0.6630
1515 0.0020 0.6630
1516 0.0020 0.6630
1517 0.0020 0.6630
1518 0.0020 0.6630
1519 0.0020 0.6630
1520 0.0020 0.6630
1521 0.0020 0.6630
1522 0.0020 0.6630
1523 0.0020 0.6630
1524 0.0020 0.6630
1525 0.0020 0.6630
1526 0.0020 0.6630
1527 0.0020 0.6630
1528 0.0020 0.6630
1529 0.0020 0.6630
1530 0.0020 0.6630
1531 0.0020 0.6630
1532 0.0020 0.6630
1533 0.0020 0.6630
1534 0.0020 0.6630
1535 0.0020 0.6630
1536 0.0020 0.6630
1537 0.0020 0.6630
1538 0.0020 0.6630
1539 0.0020 0.6630
1540 0.0020 0.6630
1541 0.0020 0.6630
1542 0.0020 0.6630
1543 0.0020 0.6630
1544 0.0020 0.6630
1545 0.0020 0.6630
1546 0.0020 0.6630
1547 0.0020 0.6630
1548 0.0020 0.6630
1549 0.0020 0.6630
1550 0.0020 0.6630
1551 0.0020 0.6630
1552 0.0020 0.6630
1553 0.0020 0.6630
1554 0.0020 0.6630
1555 0.0020 0.6630
1556 0.0020 0.6630
1557 0.0020 0.6630
1558 0.0020 0.6630
1559 0.0020 0.6630
1560 0.0020 0.6630
1561 0.0020 0.6630
1562 0.0020 0.6630
1563 0.0020 0.6630
1564 0.0020 0.6630
1565 0.0020 0.6620
1566 0.0020 0.6630
1567 0.0020 0.6630
1568 0.0020 0.6630
1569 0.0020 0.6630
1570 0.0020 0.6630
1571 0.0020 0.6630
1572 0.0020 0.6630
1573 0.0020 0.6630
1574 0.0020 0.6630
1575 0.0020 0.6630
1576 0.0020 0.6630
1577 0.0020 0.6620
1578 0.0020 0.6630
1579 0.0020 0.6630
1580 0.0020 0.6630
1581 0.0020 0.6630
1582 0.0020 0.6630
1583 0.0020 0.6630
1584 0.0020 0.6620
1585 0.0020 0.6630
1586 0.0020 0.6630
1587 0.0020 0.6630
1588 0.0020 0.6630
1589 0.0020 0.6630
1590 0.0020 0.6630
1591 0.0020 0.6620
1592 0.0020 0.6630
1593 0.0020 0.6630
1594 0.0020 0.6630
1595 0.0020 0.6630
1596 0.0020 0.6630
1597 0.0020 0.6630
1598 0.0020 0.6630
1599 0.0020 0.6630
1600 0.0020 0.6630
1601 0.0020 0.6630
1602 0.0020 0.6630
1603 0.0020 0.6630
1604 0.0020 0.6630
1605 0.0020 0.6630
1606 0.0020 0.6640
1607 0.0020 0.6630
1608 0.0020 0.6630
1609 0.0020 0.6620
1610 0.0020 0.6620
1611 0.0020 0.6630
1612 0.0020 0.6630
1613 0.0020 0.6620
1614 0.0020 0.6620
1615 0.0020 0.6640
1616 0.0020 0.6630
1617 0.0020 0.6630
1618 0.0020 0.6630
1619 0.0020 0.6620
1620 0.0020 0.6620
1621 0.0020 0.6620
1622 0.0020 0.6620
1623 0.0020 0.6630
1624 0.0020 0.6630
1625 0.0020 0.6630
1626 0.0020 0.6620
1627 0.0020 0.6630
1628 0.0020 0.6630
1629 0.0020 0.6620
1630 0.0020 0.6610
1631 0.0020 0.6620
1632 0.0020 0.6620
1633 0.0020 0.6620
1634 0.0020 0.6620
1635 0.0020 0.6620
1636 0.0020 0.6620
1637 0.0020 0.6630
1638 0.0020 0.6630
1639 0.0020 0.6630
1640 0.0020 0.6630
1641 0.0020 0.6610
1642 0.0020 0.6610
1643 0.0020 0.6610
1644 0.0020 0.6620
1645 0.0020 0.6620
1646 0.0020 0.6630
1647 0.0020 0.6630
1648 0.0020 0.6630
1649 0.0020 0.6630
1650 0.0020 0.6630
1651 0.0020 0.6620
1652 0.0020 0.6620
1653 0.0020 0.6610
1654 0.0020 0.6610
1655 0.0020 0.6620
1656 0.0020 0.6620
1657 0.0020 0.6630
1658 0.0020 0.6630
1659 0.0020 0.6630
1660 0.0020 0.6620
1661 0.0020 0.6630
1662 0.0020 0.6620
1663 0.0020 0.6620
1664 0.0020 0.6610
1665 0.0020 0.6610
1666 0.0020 0.6610
1667 0.0020 0.6630
1668 0.0020 0.6620
1669 0.0020 0.6620
1670 0.0020 0.6620
1671 0.0020 0.6630
1672 0.0020 0.6610
1673 0.0020 0.6620
1674 0.0020 0.6620
1675 0.0020 0.6620
1676 0.0020 0.6620
1677 0.0020 0.6630
1678 0.0020 0.6620
1679 0.0020 0.6620
1680 0.0020 0.6610
1681 0.0020 0.6620
1682 0.0020 0.6640
1683 0.0020 0.6620
1684 0.0020 0.6630
1685 0.0020 0.6620
1686 0.0020 0.6610
1687 0.0020 0.6610
1688 0.0020 0.6620
1689 0.0020 0.6620
1690 0.0020 0.6620
1691 0.0020 0.6610
1692 0.0020 0.6610
1693 0.0020 0.6630
1694 0.0020 0.6630
1695 0.0020 0.6630
1696 0.0020 0.6640
1697 0.0020 0.6630
1698 0.0020 0.6610
1699 0.0020 0.6610
1700 0.0020 0.6620
1701 0.0020 0.6620
1702 0.0020 0.6630
1703 0.0020 0.6630
1704 0.0020 0.6630
1705 0.0020 0.6630
1706 0.0020 0.6620
1707 0.0020 0.6620
1708 0.0020 0.6620
1709 0.0020 0.6610
1710 0.0020 0.6620
1711 0.0020 0.6620
1712 0.0020 0.6620
1713 0.0020 0.6630
1714 0.0020 0.6620
1715 0.0020 0.6620
1716 0.0020 0.6620
1717 0.0020 0.6610
1718 0.0020 0.6620
1719 0.0020 0.6630
1720 0.0020 0.6610
1721 0.0020 0.6620
1722 0.0020 0.6630
1723 0.0020 0.6620
1724 0.0020 0.6620
1725 0.0020 0.6620
1726 0.0020 0.6610
1727 0.0020 0.6620
1728 0.0020 0.6620
1729 0.0020 0.6610
1730 0.0020 0.6620
1731 0.0020 0.6610
1732 0.0020 0.6630
1733 0.0020 0.6610
1734 0.0020 0.6620
1735 0.0020 0.6610
1736 0.0020 0.6620
1737 0.0020 0.6630
1738 0.0020 0.6630
1739 0.0020 0.6630
1740 0.0020 0.6640
1741 0.0020 0.6620
1742 0.0020 0.6620
1743 0.0020 0.6620
1744 0.0020 0.6630
1745 0.0020 0.6630
1746 0.0020 0.6630
1747 0.0020 0.6630
1748 0.0020 0.6620
1749 0.0020 0.6630
1750 0.0020 0.6620
1751 0.0020 0.6630
1752 0.0020 0.6620
1753 0.0020 0.6610
1754 0.0020 0.6620
1755 0.0020 0.6620
1756 0.0020 0.6610
1757 0.0020 0.6610
1758 0.0020 0.6620
1759 0.0020 0.6620
1760 0.0020 0.6620
1761 0.0020 0.6610
1762 0.0020 0.6620
1763 0.0020 0.6610
1764 0.0020 0.6630
1765 0.0020 0.6620
1766 0.0020 0.6620
1767 0.0020 0.6610
1768 0.0020 0.6610
1769 0.0020 0.6620
1770 0.0020 0.6620
1771 0.0020 0.6630
1772 0.0020 0.6630
1773 0.0020 0.6620
1774 0.0020 0.6610
1775 0.0020 0.6610
1776 0.0020 0.6610
1777 0.0020 0.6610
1778 0.0020 0.6620
1779 0.0020 0.6620
1780 0.0020 0.6620
1781 0.0020 0.6620
1782 0.0020 0.6630
1783 0.0020 0.6630
1784 0.0020 0.6630
1785 0.0020 0.6620
1786 0.0020 0.6610
1787 0.0020 0.6620
1788 0.0020 0.6620
1789 0.0020 0.6620
1790 0.0020 0.6610
1791 0.0020 0.6620
1792 0.0020 0.6620
1793 0.0020 0.6630
1794 0.0020 0.6630
1795 0.0020 0.6630
1796 0.0020 0.6630
1797 0.0020 0.6610
1798 0.0020 0.6620
1799 0.0020 0.6620
1800 0.0020 0.6620
1801 0.0020 0.6620
1802 0.0020 0.6630
1803 0.0020 0.6630
1804 0.0020 0.6620
1805 0.0020 0.6620
1806 0.0020 0.6620
1807 0.0020 0.6610
1808 0.0020 0.6620
1809 0.0020 0.6620
1810 0.0020 0.6620
1811 0.0020 0.6610
1812 0.0020 0.6610
1813 0.0020 0.6620
1814 0.0020 0.6630
1815 0.0020 0.6620
1816 0.0020 0.6620
1817 0.0020 0.6610
1818 0.0020 0.6620
1819 0.0020 0.6630
1820 0.0020 0.6630
1821 0.0020 0.6610
1822 0.0020 0.6620
1823 0.0020 0.6610
1824 0.0020 0.6620
1825 0.0020 0.6630
1826 0.0020 0.6630
1827 0.0020 0.6620
1828 0.0020 0.6620
1829 0.0020 0.6620
1830 0.0020 0.6620
1831 0.0020 0.6630
1832 0.0020 0.6620
1833 0.0020 0.6610
1834 0.0020 0.6620
1835 0.0020 0.6610
1836 0.0020 0.6620
1837 0.0020 0.6620
1838 0.0020 0.6620
1839 0.0020 0.6610
1840 0.0020 0.6620
1841 0.0020 0.6620
1842 0.0020 0.6610
1843 0.0020 0.6630
1844 0.0020 0.6620
1845 0.0020 0.6620
1846 0.0020 0.6620
1847 0.0020 0.6630
1848 0.0020 0.6620
1849 0.0020 0.6620
1850 0.0020 0.6610
1851 0.0020 0.6610
1852 0.0020 0.6610
1853 0.0020 0.6630
1854 0.0020 0.6610
1855 0.0020 0.6610
1856 0.0020 0.6610
1857 0.0020 0.6610
1858 0.0020 0.6620
1859 0.0020 0.6620
1860 0.0020 0.6630
1861 0.0020 0.6610
1862 0.0020 0.6620
1863 0.0020 0.6620
1864 0.0020 0.6610
1865 0.0020 0.6600
1866 0.0020 0.6610
1867 0.0020 0.6610
1868 0.0020 0.6600
1869 0.0020 0.6610
1870 0.0020 0.6620
1871 0.0020 0.6620
1872 0.0020 0.6620
1873 0.0020 0.6600
1874 0.0020 0.6600
1875 0.0020 0.6600
1876 0.0020 0.6610
1877 0.0020 0.6610
1878 0.0020 0.6620
1879 0.0020 0.6630
1880 0.0020 0.6620
1881 0.0020 0.6610
1882 0.0020 0.6620
1883 0.0020 0.6610
1884 0.0020 0.6610
1885 0.0020 0.6600
1886 0.0020 0.6610
1887 0.0020 0.6610
1888 0.0020 0.6610
1889 0.0020 0.6610
1890 0.0020 0.6620
1891 0.0020 0.6620
1892 0.0020 0.6620
1893 0.0020 0.6600
1894 0.0020 0.6620
1895 0.0020 0.6620
1896 0.0020 0.6610
1897 0.0020 0.6610
1898 0.0020 0.6600
1899 0.0020 0.6600
1900 0.0020 0.6610
1901 0.0020 0.6630
1902 0.0020 0.6630
1903 0.0020 0.6610
1904 0.0020 0.6600
1905 0.0020 0.6600
1906 0.0020 0.6610
1907 0.0020 0.6620
1908 0.0020 0.6610
1909 0.0020 0.6610
1910 0.0020 0.6600
1911 0.0020 0.6610
1912 0.0020 0.6610
1913 0.0020 0.6600
1914 0.0020 0.6620
1915 0.0020 0.6610
1916 0.0020 0.6610
1917 0.0020 0.6610
1918 0.0020 0.6620
1919 0.0020 0.6610
1920 0.0020 0.6610
1921 0.0020 0.6610
1922 0.0020 0.6600
1923 0.0020 0.6600
1924 0.0020 0.6610
1925 0.0020 0.6620
1926 0.0020 0.6620
1927 0.0020 0.6620
1928 0.0020 0.6610
1929 0.0020 0.6600
1930 0.0020 0.6600
1931 0.0020 0.6600
1932 0.0020 0.6610
1933 0.0020 0.6610
1934 0.0020 0.6620
1935 0.0020 0.6620
1936 0.0020 0.6600
1937 0.0020 0.6610
1938 0.0020 0.6610
1939 0.0020 0.6610
1940 0.0020 0.6610
1941 0.0020 0.6610
1942 0.0020 0.6610
1943 0.0020 0.6610
1944 0.0020 0.6610
1945 0.0020 0.6620
1946 0.0020 0.6600
1947 0.0020 0.6610
1948 0.0020 0.6600
1949 0.0020 0.6610
1950 0.0020 0.6610
1951 0.0020 0.6620
1952 0.0020 0.6630
1953 0.0020 0.6610
1954 0.0020 0.6600
1955 0.0020 0.6590
1956 0.0020 0.6610
1957 0.0020 0.6610
1958 0.0020 0.6620
1959 0.0020 0.6610
1960 0.0020 0.6590
1961 0.0020 0.6600
1962 0.0020 0.6610
1963 0.0020 0.6620
1964 0.0020 0.6610
1965 0.0020 0.6600
1966 0.0020 0.6590
1967 0.0020 0.6610
1968 0.0020 0.6580
1969 0.0020 0.6600
1970 0.0020 0.6610
1971 0.0020 0.6600
1972 0.0020 0.6590
1973 0.0020 0.6610
1974 0.0020 0.6600
1975 0.0020 0.6600
1976 0.0020 0.6600
1977 0.0020 0.6600
1978 0.0020 0.6600
1979 0.0020 0.6600
1980 0.0020 0.6610
1981 0.0020 0.6620
1982 0.0020 0.6610
1983 0.0020 0.6610
1984 0.0020 0.6610
1985 0.0020 0.6600
1986 0.0020 0.6610
1987 0.0020 0.6600
1988 0.0020 0.6600
1989 0.0020 0.6610
1990 0.0020 0.6610
1991 0.0020 0.6610
1992 0.0020 0.6610
1993 0.0020 0.6610
1994 0.0020 0.6620
1995 0.0020 0.6600
1996 0.0020 0.6580
1997 0.0020 0.6590
1998 0.0020 0.6610
1999 0.0020 0.6610
