00 1.7926 0.4220
01 1.6311 0.5630
02 1.4066 0.5630
03 1.1659 0.5590
04 0.9479 0.5730
05 0.7573 0.6020
06 0.5948 0.6300
07 0.4624 0.6470
08 0.3567 0.6610
09 0.2740 0.6690
10 0.2106 0.6750
11 0.1626 0.6700
12 0.1267 0.6670
13 0.0998 0.6650
14 0.0795 0.6610
15 0.0640 0.6580
16 0.0520 0.6550
17 0.0427 0.6540
18 0.0354 0.6510
19 0.0297 0.6480
20 0.0252 0.6470
21 0.0216 0.6440
22 0.0187 0.6440
23 0.0165 0.6430
24 0.0146 0.6450
25 0.0131 0.6500
26 0.0119 0.6490
27 0.0109 0.6490
28 0.0101 0.6480
29 0.0094 0.6470
30 0.0089 0.6500
31 0.0085 0.6520
32 0.0082 0.6510
33 0.0080 0.6490
34 0.0078 0.6480
35 0.0077 0.6530
36 0.0077 0.6530
37 0.0077 0.6550
38 0.0077 0.6550
39 0.0077 0.6610
40 0.0078 0.6610
41 0.0079 0.6610
42 0.0081 0.6620
43 0.0083 0.6620
44 0.0085 0.6640
45 0.0087 0.6650
46 0.0089 0.6640
47 0.0091 0.6650
48 0.0094 0.6660
49 0.0097 0.6680
50 0.0099 0.6670
51 0.0102 0.6670
52 0.0105 0.6680
53 0.0107 0.6680
54 0.0110 0.6680
55 0.0112 0.6680
56 0.0115 0.6690
57 0.0117 0.6730
58 0.0119 0.6730
59 0.0121 0.6720
60 0.0123 0.6730
61 0.0124 0.6730
62 0.0126 0.6740
63 0.0127 0.6760
64 0.0128 0.6770
65 0.0129 0.6770
66 0.0129 0.6780
67 0.0130 0.6770
68 0.0130 0.6770
69 0.0130 0.6780
70 0.0130 0.6780
71 0.0130 0.6810
72 0.0130 0.6810
73 0.0130 0.6810
74 0.0129 0.6810
75 0.0129 0.6810
76 0.0128 0.6810
77 0.0128 0.6820
78 0.0127 0.6820
79 0.0126 0.6830
80 0.0126 0.6840
81 0.0125 0.6840
82 0.0124 0.6840
83 0.0123 0.6840
84 0.0123 0.6850
85 0.0122 0.6830
86 0.0121 0.6830
87 0.0120 0.6840
88 0.0120 0.6830
89 0.0119 0.6820
90 0.0118 0.6820
91 0.0117 0.6810
92 0.0117 0.6790
93 0.0116 0.6790
94 0.0115 0.6790
95 0.0114 0.6790
96 0.0114 0.6790
97 0.0113 0.6770
98 0.0112 0.6770
99 0.0112 0.6770
100 0.0111 0.6780
101 0.0110 0.6780
102 0.0110 0.6770
103 0.0109 0.6770
104 0.0108 0.6790
105 0.0108 0.6790
106 0.0107 0.6790
107 0.0107 0.6780
108 0.0106 0.6780
109 0.0105 0.6790
110 0.0105 0.6780
111 0.0104 0.6760
112 0.0104 0.6760
113 0.0103 0.6770
114 0.0103 0.6770
115 0.0102 0.6770
116 0.0102 0.6760
117 0.0101 0.6760
118 0.0101 0.6770
119 0.0100 0.6780
120 0.0100 0.6780
121 0.0099 0.6780
122 0.0099 0.6790
123 0.0098 0.6790
124 0.0098 0.6790
125 0.0097 0.6800
126 0.0097 0.6800
127 0.0096 0.6800
128 0.0096 0.6800
129 0.0095 0.6800
130 0.0095 0.6800
131 0.0094 0.6790
132 0.0094 0.6790
133 0.0094 0.6790
134 0.0093 0.6790
135 0.0093 0.6790
136 0.0092 0.6790
137 0.0092 0.6790
138 0.0091 0.6790
139 0.0091 0.6790
140 0.0091 0.6790
141 0.0090 0.6790
142 0.0090 0.6800
143 0.0089 0.6800
144 0.0089 0.6800
145 0.0089 0.6790
146 0.0088 0.6790
147 0.0088 0.6780
148 0.0088 0.6780
149 0.0087 0.6780
150 0.0087 0.6780
151 0.0087 0.6780
152 0.0086 0.6770
153 0.0086 0.6770
154 0.0086 0.6750
155 0.0085 0.6750
156 0.0085 0.6750
157 0.0085 0.6750
158 0.0084 0.6750
159 0.0084 0.6760
160 0.0084 0.6760
161 0.0083 0.6760
162 0.0083 0.6760
163 0.0083 0.6770
164 0.0082 0.6770
165 0.0082 0.6770
166 0.0082 0.6780
167 0.0081 0.6780
168 0.0081 0.6790
169 0.0081 0.6790
170 0.0081 0.6790
171 0.0080 0.6790
172 0.0080 0.6780
173 0.0080 0.6780
174 0.0079 0.6780
175 0.0079 0.6780
176 0.0079 0.6780
177 0.0079 0.6780
178 0.0078 0.6790
179 0.0078 0.6790
180 0.0078 0.6790
181 0.0078 0.6790
182 0.0077 0.6780
183 0.0077 0.6770
184 0.0077 0.6780
185 0.0077 0.6780
186 0.0076 0.6780
187 0.0076 0.6780
188 0.0076 0.6770
189 0.0076 0.6760
190 0.0075 0.6760
191 0.0075 0.6760
192 0.0075 0.6750
193 0.0075 0.6750
194 0.0074 0.6750
195 0.0074 0.6750
196 0.0074 0.6760
197 0.0074 0.6750
198 0.0074 0.6750
199 0.0073 0.6750
200 0.0073 0.6750
201 0.0073 0.6750
202 0.0073 0.6750
203 0.0073 0.6750
204 0.0072 0.6740
205 0.0072 0.6750
206 0.0072 0.6750
207 0.0072 0.6750
208 0.0072 0.6750
209 0.0071 0.6740
210 0.0071 0.6740
211 0.0071 0.6740
212 0.0071 0.6740
213 0.0071 0.6740
214 0.0070 0.6740
215 0.0070 0.6740
216 0.0070 0.6740
217 0.0070 0.6740
218 0.0070 0.6740
219 0.0070 0.6740
220 0.0069 0.6740
221 0.0069 0.6740
222 0.0069 0.6740
223 0.0069 0.6740
224 0.0069 0.6740
225 0.0068 0.6740
226 0.0068 0.6740
227 0.0068 0.6740
228 0.0068 0.6740
229 0.0068 0.6740
230 0.0068 0.6740
231 0.0067 0.6740
232 0.0067 0.6740
233 0.0067 0.6740
234 0.0067 0.6740
235 0.0067 0.6730
236 0.0067 0.6730
237 0.0067 0.6730
238 0.0066 0.6740
239 0.0066 0.6740
240 0.0066 0.6750
241 0.0066 0.6750
242 0.0066 0.6750
243 0.0066 0.6750
244 0.0066 0.6750
245 0.0065 0.6750
246 0.0065 0.6750
247 0.0065 0.6750
248 0.0065 0.6750
249 0.0065 0.6750
250 0.0065 0.6750
251 0.0065 0.6750
252 0.0065 0.6750
253 0.0064 0.6750
254 0.0064 0.6750
255 0.0064 0.6760
256 0.0064 0.6760
257 0.0064 0.6760
258 0.0064 0.6760
259 0.0064 0.6760
260 0.0064 0.6770
261 0.0063 0.6770
262 0.0063 0.6770
263 0.0063 0.6780
264 0.0063 0.6780
265 0.0063 0.6780
266 0.0063 0.6790
267 0.0063 0.6790
268 0.0063 0.6790
269 0.0062 0.6800
270 0.0062 0.6800
271 0.0062 0.6800
272 0.0062 0.6800
273 0.0062 0.6800
274 0.0062 0.6800
275 0.0062 0.6800
276 0.0062 0.6800
277 0.0062 0.6800
278 0.0061 0.6800
279 0.0061 0.6800
280 0.0061 0.6800
281 0.0061 0.6800
282 0.0061 0.6800
283 0.0061 0.6800
284 0.0061 0.6800
285 0.0061 0.6800
286 0.0061 0.6800
287 0.0061 0.6800
288 0.0061 0.6790
289 0.0060 0.6790
290 0.0060 0.6790
291 0.0060 0.6790
292 0.0060 0.6790
293 0.0060 0.6790
294 0.0060 0.6790
295 0.0060 0.6790
296 0.0060 0.6790
297 0.0060 0.6790
298 0.0060 0.6790
299 0.0059 0.6790
300 0.0059 0.6790
301 0.0059 0.6790
302 0.0059 0.6790
303 0.0059 0.6790
304 0.0059 0.6790
305 0.0059 0.6790
306 0.0059 0.6790
307 0.0059 0.6800
308 0.0059 0.6790
309 0.0059 0.6790
310 0.0059 0.6790
311 0.0058 0.6790
312 0.0058 0.6790
313 0.0058 0.6790
314 0.0058 0.6790
315 0.0058 0.6800
316 0.0058 0.6800
317 0.0058 0.6800
318 0.0058 0.6800
319 0.0058 0.6800
320 0.0058 0.6810
321 0.0058 0.6810
322 0.0058 0.6810
323 0.0058 0.6810
324 0.0058 0.6820
325 0.0057 0.6820
326 0.0057 0.6820
327 0.0057 0.6820
328 0.0057 0.6820
329 0.0057 0.6820
330 0.0057 0.6810
331 0.0057 0.6810
332 0.0057 0.6820
333 0.0057 0.6820
334 0.0057 0.6820
335 0.0057 0.6820
336 0.0057 0.6820
337 0.0057 0.6830
338 0.0057 0.6830
339 0.0056 0.6830
340 0.0056 0.6820
341 0.0056 0.6820
342 0.0056 0.6830
343 0.0056 0.6830
344 0.0056 0.6830
345 0.0056 0.6830
346 0.0056 0.6830
347 0.0056 0.6830
348 0.0056 0.6830
349 0.0056 0.6830
350 0.0056 0.6830
351 0.0056 0.6830
352 0.0056 0.6830
353 0.0056 0.6830
354 0.0056 0.6830
355 0.0056 0.6830
356 0.0056 0.6830
357 0.0055 0.6830
358 0.0055 0.6830
359 0.0055 0.6830
360 0.0055 0.6830
361 0.0055 0.6830
362 0.0055 0.6830
363 0.0055 0.6830
364 0.0055 0.6830
365 0.0055 0.6840
366 0.0055 0.6840
367 0.0055 0.6840
368 0.0055 0.6840
369 0.0055 0.6840
370 0.0055 0.6840
371 0.0055 0.6840
372 0.0055 0.6840
373 0.0055 0.6840
374 0.0055 0.6840
375 0.0055 0.6840
376 0.0054 0.6840
377 0.0054 0.6850
378 0.0054 0.6850
379 0.0054 0.6850
380 0.0054 0.6850
381 0.0054 0.6850
382 0.0054 0.6850
383 0.0054 0.6850
384 0.0054 0.6850
385 0.0054 0.6850
386 0.0054 0.6850
387 0.0054 0.6850
388 0.0054 0.6850
389 0.0054 0.6850
390 0.0054 0.6850
391 0.0054 0.6850
392 0.0054 0.6850
393 0.0054 0.6850
394 0.0054 0.6850
395 0.0054 0.6850
396 0.0054 0.6850
397 0.0054 0.6860
398 0.0054 0.6860
399 0.0053 0.6860
400 0.0053 0.6860
401 0.0053 0.6860
402 0.0053 0.6860
403 0.0053 0.6860
404 0.0053 0.6860
405 0.0053 0.6870
406 0.0053 0.6860
407 0.0053 0.6860
408 0.0053 0.6860
409 0.0053 0.6860
410 0.0053 0.6860
411 0.0053 0.6870
412 0.0053 0.6870
413 0.0053 0.6870
414 0.0053 0.6870
415 0.0053 0.6870
416 0.0053 0.6870
417 0.0053 0.6870
418 0.0053 0.6880
419 0.0053 0.6870
420 0.0053 0.6870
421 0.0053 0.6870
422 0.0053 0.6870
423 0.0053 0.6870
424 0.0053 0.6870
425 0.0053 0.6870
426 0.0052 0.6870
427 0.0052 0.6870
428 0.0052 0.6870
429 0.0052 0.6870
430 0.0052 0.6870
431 0.0052 0.6870
432 0.0052 0.6870
433 0.0052 0.6870
434 0.0052 0.6870
435 0.0052 0.6870
436 0.0052 0.6870
437 0.0052 0.6870
438 0.0052 0.6860
439 0.0052 0.6860
440 0.0052 0.6870
441 0.0052 0.6870
442 0.0052 0.6870
443 0.0052 0.6870
444 0.0052 0.6860
445 0.0052 0.6860
446 0.0052 0.6860
447 0.0052 0.6860
448 0.0052 0.6860
449 0.0052 0.6860
450 0.0052 0.6860
451 0.0052 0.6860
452 0.0052 0.6860
453 0.0052 0.6860
454 0.0052 0.6860
455 0.0052 0.6860
456 0.0052 0.6860
457 0.0052 0.6860
458 0.0052 0.6860
459 0.0051 0.6860
460 0.0051 0.6860
461 0.0051 0.6860
462 0.0051 0.6860
463 0.0051 0.6860
464 0.0051 0.6860
465 0.0051 0.6860
466 0.0051 0.6870
467 0.0051 0.6870
468 0.0051 0.6870
469 0.0051 0.6870
470 0.0051 0.6870
471 0.0051 0.6870
472 0.0051 0.6870
473 0.0051 0.6870
474 0.0051 0.6870
475 0.0051 0.6870
476 0.0051 0.6870
477 0.0051 0.6870
478 0.0051 0.6870
479 0.0051 0.6870
480 0.0051 0.6870
481 0.0051 0.6870
482 0.0051 0.6870
483 0.0051 0.6870
484 0.0051 0.6870
485 0.0051 0.6870
486 0.0051 0.6870
487 0.0051 0.6870
488 0.0051 0.6870
489 0.0051 0.6870
490 0.0051 0.6870
491 0.0051 0.6870
492 0.0051 0.6860
493 0.0051 0.6860
494 0.0051 0.6860
495 0.0051 0.6860
496 0.0051 0.6860
497 0.0051 0.6860
498 0.0051 0.6870
499 0.0051 0.6870
500 0.0051 0.6870
501 0.0051 0.6860
502 0.0051 0.6860
503 0.0051 0.6860
504 0.0051 0.6860
505 0.0050 0.6860
506 0.0050 0.6860
507 0.0050 0.6860
508 0.0050 0.6870
509 0.0050 0.6870
510 0.0050 0.6860
511 0.0050 0.6860
512 0.0050 0.6860
513 0.0050 0.6860
514 0.0050 0.6860
515 0.0050 0.6860
516 0.0050 0.6860
517 0.0050 0.6860
518 0.0050 0.6860
519 0.0050 0.6860
520 0.0050 0.6860
521 0.0050 0.6860
522 0.0050 0.6860
523 0.0050 0.6860
524 0.0050 0.6860
525 0.0050 0.6860
526 0.0050 0.6860
527 0.0050 0.6860
528 0.0050 0.6860
529 0.0050 0.6860
530 0.0050 0.6860
531 0.0050 0.6860
532 0.0050 0.6860
533 0.0050 0.6860
534 0.0050 0.6860
535 0.0050 0.6860
536 0.0050 0.6860
537 0.0050 0.6860
538 0.0050 0.6860
539 0.0050 0.6860
540 0.0050 0.6870
541 0.0050 0.6870
542 0.0050 0.6870
543 0.0050 0.6870
544 0.0050 0.6870
545 0.0050 0.6870
546 0.0050 0.6870
547 0.0050 0.6870
548 0.0050 0.6870
549 0.0050 0.6870
550 0.0050 0.6870
551 0.0050 0.6870
552 0.0050 0.6870
553 0.0050 0.6870
554 0.0050 0.6870
555 0.0050 0.6870
556 0.0050 0.6870
557 0.0050 0.6870
558 0.0050 0.6870
559 0.0050 0.6870
560 0.0050 0.6870
561 0.0050 0.6870
562 0.0050 0.6870
563 0.0050 0.6870
564 0.0050 0.6870
565 0.0050 0.6870
566 0.0050 0.6870
567 0.0050 0.6860
568 0.0050 0.6860
569 0.0049 0.6860
570 0.0049 0.6860
571 0.0049 0.6860
572 0.0049 0.6860
573 0.0049 0.6860
574 0.0049 0.6860
575 0.0049 0.6860
576 0.0049 0.6860
577 0.0049 0.6860
578 0.0049 0.6860
579 0.0049 0.6860
580 0.0049 0.6860
581 0.0049 0.6860
582 0.0049 0.6860
583 0.0049 0.6860
584 0.0049 0.6860
585 0.0049 0.6860
586 0.0049 0.6860
587 0.0049 0.6860
588 0.0049 0.6860
589 0.0049 0.6860
590 0.0049 0.6860
591 0.0049 0.6860
592 0.0049 0.6860
593 0.0049 0.6860
594 0.0049 0.6860
595 0.0049 0.6860
596 0.0049 0.6860
597 0.0049 0.6860
598 0.0049 0.6860
599 0.0049 0.6860
600 0.0049 0.6860
601 0.0049 0.6860
602 0.0049 0.6860
603 0.0049 0.6860
604 0.0049 0.6860
605 0.0049 0.6860
606 0.0049 0.6860
607 0.0049 0.6860
608 0.0049 0.6860
609 0.0049 0.6860
610 0.0049 0.6860
611 0.0049 0.6860
612 0.0049 0.6860
613 0.0049 0.6860
614 0.0049 0.6860
615 0.0049 0.6860
616 0.0049 0.6860
617 0.0049 0.6860
618 0.0049 0.6860
619 0.0049 0.6860
620 0.0049 0.6860
621 0.0049 0.6860
622 0.0049 0.6870
623 0.0049 0.6860
624 0.0049 0.6870
625 0.0049 0.6870
626 0.0049 0.6870
627 0.0049 0.6870
628 0.0049 0.6870
629 0.0049 0.6870
630 0.0049 0.6860
631 0.0049 0.6860
632 0.0049 0.6870
633 0.0049 0.6870
634 0.0049 0.6870
635 0.0049 0.6870
636 0.0049 0.6870
637 0.0049 0.6870
638 0.0049 0.6870
639 0.0049 0.6870
640 0.0049 0.6870
641 0.0049 0.6870
642 0.0049 0.6870
643 0.0049 0.6870
644 0.0049 0.6870
645 0.0049 0.6870
646 0.0049 0.6870
647 0.0049 0.6870
648 0.0049 0.6870
649 0.0049 0.6870
650 0.0049 0.6870
651 0.0049 0.6870
652 0.0049 0.6870
653 0.0049 0.6870
654 0.0049 0.6870
655 0.0049 0.6870
656 0.0049 0.6870
657 0.0049 0.6870
658 0.0049 0.6870
659 0.0049 0.6870
660 0.0049 0.6870
661 0.0049 0.6870
662 0.0049 0.6870
663 0.0049 0.6870
664 0.0049 0.6870
665 0.0049 0.6870
666 0.0049 0.6870
667 0.0049 0.6870
668 0.0049 0.6870
669 0.0049 0.6870
670 0.0049 0.6870
671 0.0049 0.6870
672 0.0049 0.6870
673 0.0049 0.6870
674 0.0049 0.6870
675 0.0049 0.6870
676 0.0049 0.6870
677 0.0049 0.6870
678 0.0049 0.6870
679 0.0049 0.6870
680 0.0049 0.6870
681 0.0048 0.6870
682 0.0048 0.6870
683 0.0048 0.6870
684 0.0048 0.6870
685 0.0048 0.6870
686 0.0048 0.6870
687 0.0048 0.6870
688 0.0048 0.6860
689 0.0048 0.6860
690 0.0048 0.6870
691 0.0048 0.6870
692 0.0048 0.6870
693 0.0048 0.6870
694 0.0048 0.6860
695 0.0048 0.6860
696 0.0048 0.6860
697 0.0048 0.6870
698 0.0048 0.6870
699 0.0048 0.6870
700 0.0048 0.6870
701 0.0048 0.6870
702 0.0048 0.6870
703 0.0048 0.6870
704 0.0048 0.6870
705 0.0048 0.6870
706 0.0048 0.6860
707 0.0048 0.6860
708 0.0048 0.6860
709 0.0048 0.6860
710 0.0048 0.6860
711 0.0048 0.6860
712 0.0048 0.6860
713 0.0048 0.6860
714 0.0048 0.6860
715 0.0048 0.6860
716 0.0048 0.6870
717 0.0048 0.6870
718 0.0048 0.6870
719 0.0048 0.6870
720 0.0048 0.6870
721 0.0048 0.6860
722 0.0048 0.6860
723 0.0048 0.6860
724 0.0048 0.6860
725 0.0048 0.6860
726 0.0048 0.6850
727 0.0048 0.6860
728 0.0048 0.6860
729 0.0048 0.6840
730 0.0048 0.6840
731 0.0048 0.6850
732 0.0048 0.6850
733 0.0048 0.6850
734 0.0048 0.6850
735 0.0048 0.6850
736 0.0048 0.6860
737 0.0048 0.6860
738 0.0048 0.6860
739 0.0048 0.6850
740 0.0048 0.6840
741 0.0048 0.6840
742 0.0048 0.6840
743 0.0048 0.6840
744 0.0048 0.6850
745 0.0048 0.6850
746 0.0048 0.6840
747 0.0048 0.6840
748 0.0048 0.6850
749 0.0048 0.6850
750 0.0048 0.6850
751 0.0048 0.6850
752 0.0048 0.6840
753 0.0048 0.6840
754 0.0048 0.6840
755 0.0048 0.6840
756 0.0048 0.6840
757 0.0048 0.6840
758 0.0048 0.6840
759 0.0048 0.6840
760 0.0048 0.6840
761 0.0048 0.6840
762 0.0048 0.6840
763 0.0048 0.6840
764 0.0048 0.6840
765 0.0048 0.6840
766 0.0048 0.6840
767 0.0048 0.6840
768 0.0048 0.6840
769 0.0048 0.6840
770 0.0048 0.6830
771 0.0048 0.6830
772 0.0048 0.6830
773 0.0048 0.6840
774 0.0048 0.6840
775 0.0048 0.6840
776 0.0048 0.6850
777 0.0048 0.6850
778 0.0048 0.6840
779 0.0048 0.6840
780 0.0048 0.6840
781 0.0048 0.6840
782 0.0048 0.6840
783 0.0048 0.6840
784 0.0048 0.6840
785 0.0048 0.6830
786 0.0048 0.6840
787 0.0048 0.6850
788 0.0048 0.6840
789 0.0048 0.6840
790 0.0048 0.6840
791 0.0048 0.6840
792 0.0048 0.6840
793 0.0048 0.6830
794 0.0048 0.6830
795 0.0048 0.6820
796 0.0048 0.6840
797 0.0048 0.6850
798 0.0048 0.6850
799 0.0048 0.6850
800 0.0048 0.6840
801 0.0048 0.6850
802 0.0048 0.6850
803 0.0048 0.6850
804 0.0048 0.6850
805 0.0048 0.6850
806 0.0048 0.6850
807 0.0048 0.6850
808 0.0048 0.6850
809 0.0048 0.6850
810 0.0048 0.6860
811 0.0048 0.6860
812 0.0048 0.6860
813 0.0048 0.6860
814 0.0048 0.6850
815 0.0048 0.6850
816 0.0048 0.6850
817 0.0048 0.6860
818 0.0048 0.6860
819 0.0048 0.6870
820 0.0048 0.6860
821 0.0048 0.6860
822 0.0048 0.6860
823 0.0048 0.6860
824 0.0048 0.6860
825 0.0048 0.6860
826 0.0048 0.6860
827 0.0048 0.6870
828 0.0048 0.6870
829 0.0048 0.6860
830 0.0048 0.6850
831 0.0048 0.6850
832 0.0048 0.6850
833 0.0048 0.6860
834 0.0048 0.6870
835 0.0048 0.6860
836 0.0048 0.6860
837 0.0048 0.6860
838 0.0048 0.6860
839 0.0048 0.6870
840 0.0048 0.6860
841 0.0048 0.6850
842 0.0048 0.6850
843 0.0048 0.6870
844 0.0048 0.6870
845 0.0048 0.6870
846 0.0048 0.6860
847 0.0048 0.6860
848 0.0048 0.6860
849 0.0048 0.6870
850 0.0048 0.6850
851 0.0048 0.6850
852 0.0048 0.6860
853 0.0048 0.6880
854 0.0048 0.6880
855 0.0048 0.6850
856 0.0048 0.6850
857 0.0048 0.6860
858 0.0048 0.6860
859 0.0048 0.6870
860 0.0048 0.6860
861 0.0048 0.6850
862 0.0048 0.6850
863 0.0048 0.6860
864 0.0048 0.6880
865 0.0048 0.6880
866 0.0048 0.6870
867 0.0048 0.6860
868 0.0048 0.6860
869 0.0048 0.6850
870 0.0048 0.6850
871 0.0048 0.6860
872 0.0048 0.6870
873 0.0048 0.6870
874 0.0048 0.6860
875 0.0048 0.6860
876 0.0048 0.6870
877 0.0048 0.6870
878 0.0048 0.6860
879 0.0048 0.6860
880 0.0048 0.6850
881 0.0048 0.6860
882 0.0048 0.6870
883 0.0048 0.6870
884 0.0048 0.6860
885 0.0048 0.6860
886 0.0048 0.6870
887 0.0048 0.6870
888 0.0048 0.6860
889 0.0048 0.6860
890 0.0048 0.6870
891 0.0048 0.6870
892 0.0048 0.6880
893 0.0048 0.6880
894 0.0048 0.6860
895 0.0048 0.6860
896 0.0048 0.6860
897 0.0048 0.6870
898 0.0048 0.6870
899 0.0048 0.6860
900 0.0048 0.6850
901 0.0048 0.6850
902 0.0048 0.6860
903 0.0048 0.6870
904 0.0048 0.6870
905 0.0048 0.6860
906 0.0048 0.6860
907 0.0048 0.6860
908 0.0048 0.6860
909 0.0048 0.6860
910 0.0048 0.6870
911 0.0048 0.6870
912 0.0048 0.6870
913 0.0048 0.6870
914 0.0048 0.6870
915 0.0048 0.6870
916 0.0048 0.6870
917 0.0048 0.6870
918 0.0048 0.6870
919 0.0048 0.6870
920 0.0048 0.6850
921 0.0048 0.6860
922 0.0048 0.6870
923 0.0048 0.6870
924 0.0048 0.6870
925 0.0048 0.6860
926 0.0048 0.6870
927 0.0048 0.6870
928 0.0048 0.6870
929 0.0048 0.6870
930 0.0048 0.6860
931 0.0048 0.6860
932 0.0048 0.6870
933 0.0048 0.6870
934 0.0048 0.6870
935 0.0048 0.6870
936 0.0048 0.6870
937 0.0048 0.6860
938 0.0048 0.6850
939 0.0048 0.6860
940 0.0048 0.6870
941 0.0048 0.6870
942 0.0048 0.6870
943 0.0048 0.6870
944 0.0048 0.6870
945 0.0048 0.6860
946 0.0048 0.6870
947 0.0048 0.6870
948 0.0048 0.6870
949 0.0048 0.6870
950 0.0048 0.6870
951 0.0048 0.6870
952 0.0048 0.6860
953 0.0048 0.6860
954 0.0048 0.6860
955 0.0048 0.6870
956 0.0048 0.6880
957 0.0048 0.6870
958 0.0048 0.6870
959 0.0048 0.6870
960 0.0048 0.6870
961 0.0048 0.6870
962 0.0048 0.6870
963 0.0048 0.6860
964 0.0048 0.6870
965 0.0048 0.6870
966 0.0048 0.6870
967 0.0048 0.6870
968 0.0048 0.6870
969 0.0048 0.6870
970 0.0048 0.6870
971 0.0048 0.6870
972 0.0048 0.6860
973 0.0048 0.6870
974 0.0048 0.6870
975 0.0048 0.6880
976 0.0048 0.6880
977 0.0048 0.6860
978 0.0048 0.6870
979 0.0048 0.6870
980 0.0048 0.6870
981 0.0048 0.6870
982 0.0048 0.6870
983 0.0048 0.6870
984 0.0048 0.6860
985 0.0048 0.6860
986 0.0048 0.6870
987 0.0048 0.6870
988 0.0048 0.6880
989 0.0048 0.6870
990 0.0048 0.6870
991 0.0048 0.6860
992 0.0048 0.6860
993 0.0048 0.6870
994 0.0048 0.6870
995 0.0048 0.6870
996 0.0048 0.6870
997 0.0048 0.6860
998 0.0048 0.6870
999 0.0048 0.6870
1000 0.0048 0.6870
1001 0.0048 0.6870
1002 0.0048 0.6880
1003 0.0048 0.6880
1004 0.0048 0.6870
1005 0.0048 0.6870
1006 0.0047 0.6870
1007 0.0047 0.6870
1008 0.0048 0.6870
1009 0.0048 0.6870
1010 0.0048 0.6870
1011 0.0048 0.6870
1012 0.0048 0.6870
1013 0.0048 0.6870
1014 0.0048 0.6870
1015 0.0048 0.6870
1016 0.0048 0.6870
1017 0.0047 0.6870
1018 0.0047 0.6880
1019 0.0047 0.6880
1020 0.0047 0.6870
1021 0.0047 0.6870
1022 0.0047 0.6870
1023 0.0047 0.6870
1024 0.0048 0.6870
1025 0.0048 0.6870
1026 0.0048 0.6870
1027 0.0047 0.6870
1028 0.0047 0.6870
1029 0.0047 0.6870
1030 0.0047 0.6870
1031 0.0047 0.6870
1032 0.0047 0.6870
1033 0.0047 0.6870
1034 0.0047 0.6870
1035 0.0047 0.6870
1036 0.0047 0.6870
1037 0.0047 0.6870
1038 0.0047 0.6870
1039 0.0048 0.6870
1040 0.0048 0.6870
1041 0.0048 0.6870
1042 0.0047 0.6870
1043 0.0047 0.6870
1044 0.0047 0.6870
1045 0.0047 0.6870
1046 0.0047 0.6870
1047 0.0047 0.6870
1048 0.0047 0.6870
1049 0.0047 0.6870
1050 0.0047 0.6870
1051 0.0047 0.6870
1052 0.0047 0.6870
1053 0.0047 0.6870
1054 0.0047 0.6870
1055 0.0047 0.6870
1056 0.0047 0.6870
1057 0.0047 0.6860
1058 0.0047 0.6870
1059 0.0047 0.6870
1060 0.0047 0.6870
1061 0.0047 0.6870
1062 0.0047 0.6870
1063 0.0047 0.6870
1064 0.0047 0.6870
1065 0.0047 0.6870
1066 0.0047 0.6870
1067 0.0047 0.6870
1068 0.0047 0.6870
1069 0.0047 0.6880
1070 0.0047 0.6870
1071 0.0047 0.6870
1072 0.0047 0.6870
1073 0.0047 0.6870
1074 0.0047 0.6870
1075 0.0047 0.6870
1076 0.0047 0.6880
1077 0.0047 0.6880
1078 0.0047 0.6870
1079 0.0047 0.6870
1080 0.0047 0.6870
1081 0.0047 0.6870
1082 0.0047 0.6870
1083 0.0047 0.6870
1084 0.0047 0.6870
1085 0.0047 0.6870
1086 0.0047 0.6870
1087 0.0047 0.6870
1088 0.0047 0.6870
1089 0.0047 0.6870
1090 0.0047 0.6870
1091 0.0047 0.6870
1092 0.0047 0.6870
1093 0.0047 0.6870
1094 0.0047 0.6870
1095 0.0047 0.6870
1096 0.0047 0.6870
1097 0.0047 0.6870
1098 0.0047 0.6870
1099 0.0047 0.6870
1100 0.0047 0.6870
1101 0.0047 0.6870
1102 0.0047 0.6870
1103 0.0047 0.6870
1104 0.0047 0.6870
1105 0.0047 0.6870
1106 0.0047 0.6870
1107 0.0047 0.6870
1108 0.0047 0.6870
1109 0.0047 0.6870
1110 0.0047 0.6870
1111 0.0047 0.6870
1112 0.0047 0.6870
1113 0.0047 0.6870
1114 0.0047 0.6870
1115 0.0047 0.6880
1116 0.0047 0.6870
1117 0.0047 0.6870
1118 0.0047 0.6870
1119 0.0047 0.6870
1120 0.0047 0.6870
1121 0.0047 0.6870
1122 0.0047 0.6870
1123 0.0047 0.6870
1124 0.0047 0.6870
1125 0.0047 0.6870
1126 0.0047 0.6870
1127 0.0047 0.6870
1128 0.0047 0.6870
1129 0.0047 0.6870
1130 0.0047 0.6870
1131 0.0047 0.6870
1132 0.0047 0.6870
1133 0.0047 0.6870
1134 0.0047 0.6870
1135 0.0047 0.6880
1136 0.0047 0.6880
1137 0.0047 0.6870
1138 0.0047 0.6870
1139 0.0047 0.6870
1140 0.0047 0.6870
1141 0.0047 0.6870
1142 0.0047 0.6870
1143 0.0047 0.6870
1144 0.0047 0.6870
1145 0.0047 0.6870
1146 0.0047 0.6870
1147 0.0047 0.6870
1148 0.0047 0.6870
1149 0.0047 0.6860
1150 0.0047 0.6860
1151 0.0047 0.6870
1152 0.0047 0.6870
1153 0.0047 0.6870
1154 0.0047 0.6870
1155 0.0047 0.6870
1156 0.0047 0.6870
1157 0.0047 0.6870
1158 0.0047 0.6880
1159 0.0047 0.6870
1160 0.0047 0.6870
1161 0.0047 0.6870
1162 0.0047 0.6870
1163 0.0047 0.6870
1164 0.0047 0.6870
1165 0.0047 0.6870
1166 0.0047 0.6870
1167 0.0047 0.6870
1168 0.0047 0.6870
1169 0.0047 0.6870
1170 0.0047 0.6870
1171 0.0047 0.6870
1172 0.0047 0.6870
1173 0.0047 0.6870
1174 0.0047 0.6870
1175 0.0047 0.6870
1176 0.0047 0.6870
1177 0.0047 0.6870
1178 0.0047 0.6880
1179 0.0047 0.6880
1180 0.0047 0.6870
1181 0.0047 0.6870
1182 0.0047 0.6870
1183 0.0047 0.6880
1184 0.0047 0.6870
1185 0.0047 0.6870
1186 0.0047 0.6870
1187 0.0047 0.6870
1188 0.0047 0.6870
1189 0.0047 0.6870
1190 0.0047 0.6870
1191 0.0047 0.6870
1192 0.0047 0.6870
1193 0.0047 0.6870
1194 0.0047 0.6870
1195 0.0047 0.6870
1196 0.0047 0.6860
1197 0.0047 0.6870
1198 0.0047 0.6870
1199 0.0047 0.6870
1200 0.0047 0.6870
1201 0.0047 0.6870
1202 0.0047 0.6870
1203 0.0047 0.6870
1204 0.0047 0.6870
1205 0.0047 0.6870
1206 0.0047 0.6870
1207 0.0047 0.6880
1208 0.0047 0.6870
1209 0.0047 0.6870
1210 0.0047 0.6870
1211 0.0047 0.6870
1212 0.0047 0.6870
1213 0.0047 0.6870
1214 0.0047 0.6870
1215 0.0047 0.6870
1216 0.0047 0.6870
1217 0.0047 0.6870
1218 0.0047 0.6870
1219 0.0047 0.6870
1220 0.0047 0.6870
1221 0.0047 0.6870
1222 0.0047 0.6870
1223 0.0047 0.6870
1224 0.0047 0.6870
1225 0.0047 0.6870
1226 0.0047 0.6870
1227 0.0047 0.6870
1228 0.0047 0.6870
1229 0.0047 0.6870
1230 0.0047 0.6870
1231 0.0047 0.6870
1232 0.0047 0.6870
1233 0.0047 0.6870
1234 0.0047 0.6870
1235 0.0047 0.6870
1236 0.0047 0.6870
1237 0.0047 0.6880
1238 0.0047 0.6880
1239 0.0047 0.6880
1240 0.0047 0.6870
1241 0.0047 0.6870
1242 0.0047 0.6870
1243 0.0047 0.6870
1244 0.0047 0.6870
1245 0.0047 0.6870
1246 0.0047 0.6870
1247 0.0047 0.6870
1248 0.0047 0.6870
1249 0.0047 0.6870
1250 0.0047 0.6870
1251 0.0047 0.6870
1252 0.0047 0.6870
1253 0.0047 0.6870
1254 0.0047 0.6880
1255 0.0047 0.6870
1256 0.0047 0.6870
1257 0.0047 0.6870
1258 0.0047 0.6870
1259 0.0047 0.6870
1260 0.0047 0.6860
1261 0.0047 0.6880
1262 0.0047 0.6870
1263 0.0047 0.6870
1264 0.0047 0.6870
1265 0.0047 0.6870
1266 0.0047 0.6870
1267 0.0047 0.6880
1268 0.0047 0.6880
1269 0.0047 0.6870
1270 0.0047 0.6870
1271 0.0047 0.6870
1272 0.0047 0.6870
1273 0.0047 0.6870
1274 0.0047 0.6880
1275 0.0047 0.6870
1276 0.0047 0.6870
1277 0.0047 0.6880
1278 0.0047 0.6880
1279 0.0047 0.6880
1280 0.0047 0.6870
1281 0.0047 0.6870
1282 0.0047 0.6870
1283 0.0047 0.6870
1284 0.0047 0.6870
1285 0.0047 0.6870
1286 0.0047 0.6880
1287 0.0047 0.6870
1288 0.0047 0.6870
1289 0.0047 0.6870
1290 0.0047 0.6870
1291 0.0047 0.6870
1292 0.0047 0.6870
1293 0.0047 0.6870
1294 0.0047 0.6880
1295 0.0047 0.6870
1296 0.0047 0.6870
1297 0.0047 0.6870
1298 0.0047 0.6870
1299 0.0047 0.6870
1300 0.0047 0.6880
1301 0.0047 0.6880
1302 0.0047 0.6880
1303 0.0047 0.6870
1304 0.0047 0.6870
1305 0.0047 0.6870
1306 0.0047 0.6870
1307 0.0047 0.6870
1308 0.0047 0.6870
1309 0.0047 0.6870
1310 0.0047 0.6870
1311 0.0047 0.6880
1312 0.0047 0.6880
1313 0.0047 0.6870
1314 0.0047 0.6870
1315 0.0047 0.6870
1316 0.0047 0.6880
1317 0.0047 0.6870
1318 0.0047 0.6870
1319 0.0047 0.6880
1320 0.0047 0.6870
1321 0.0047 0.6870
1322 0.0047 0.6870
1323 0.0047 0.6870
1324 0.0047 0.6870
1325 0.0047 0.6880
1326 0.0047 0.6890
1327 0.0047 0.6880
1328 0.0047 0.6870
1329 0.0047 0.6880
1330 0.0047 0.6870
1331 0.0047 0.6870
1332 0.0047 0.6870
1333 0.0047 0.6870
1334 0.0047 0.6870
1335 0.0047 0.6870
1336 0.0047 0.6870
1337 0.0047 0.6880
1338 0.0047 0.6880
1339 0.0047 0.6870
1340 0.0047 0.6870
1341 0.0047 0.6880
1342 0.0047 0.6880
1343 0.0047 0.6880
1344 0.0047 0.6880
1345 0.0047 0.6880
1346 0.0047 0.6870
1347 0.0047 0.6880
1348 0.0047 0.6880
1349 0.0047 0.6880
1350 0.0047 0.6880
1351 0.0047 0.6890
1352 0.0047 0.6880
1353 0.0047 0.6870
1354 0.0047 0.6870
1355 0.0047 0.6870
1356 0.0047 0.6880
1357 0.0047 0.6870
1358 0.0047 0.6870
1359 0.0047 0.6880
1360 0.0047 0.6880
1361 0.0047 0.6880
1362 0.0047 0.6870
1363 0.0047 0.6880
1364 0.0047 0.6880
1365 0.0047 0.6890
1366 0.0047 0.6870
1367 0.0047 0.6880
1368 0.0047 0.6870
1369 0.0047 0.6880
1370 0.0047 0.6880
1371 0.0047 0.6880
1372 0.0047 0.6890
1373 0.0047 0.6890
1374 0.0047 0.6890
1375 0.0047 0.6890
1376 0.0047 0.6890
1377 0.0047 0.6880
1378 0.0047 0.6870
1379 0.0047 0.6870
1380 0.0047 0.6880
1381 0.0047 0.6890
1382 0.0047 0.6900
1383 0.0047 0.6890
1384 0.0047 0.6880
1385 0.0047 0.6870
1386 0.0047 0.6860
1387 0.0047 0.6860
1388 0.0047 0.6880
1389 0.0047 0.6870
1390 0.0047 0.6870
1391 0.0047 0.6880
1392 0.0047 0.6880
1393 0.0047 0.6900
1394 0.0047 0.6870
1395 0.0047 0.6880
1396 0.0047 0.6870
1397 0.0047 0.6870
1398 0.0047 0.6870
1399 0.0047 0.6880
1400 0.0047 0.6890
1401 0.0047 0.6870
1402 0.0047 0.6880
1403 0.0047 0.6880
1404 0.0047 0.6890
1405 0.0047 0.6880
1406 0.0047 0.6870
1407 0.0047 0.6880
1408 0.0047 0.6890
1409 0.0047 0.6890
1410 0.0047 0.6880
1411 0.0047 0.6880
1412 0.0047 0.6880
1413 0.0047 0.6880
1414 0.0047 0.6880
1415 0.0047 0.6880
1416 0.0047 0.6890
1417 0.0047 0.6890
1418 0.0047 0.6880
1419 0.0047 0.6870
1420 0.0047 0.6870
1421 0.0047 0.6880
1422 0.0047 0.6890
1423 0.0047 0.6880
1424 0.0047 0.6900
1425 0.0047 0.6880
1426 0.0047 0.6880
1427 0.0047 0.6880
1428 0.0047 0.6890
1429 0.0047 0.6890
1430 0.0047 0.6900
1431 0.0047 0.6890
1432 0.0047 0.6900
1433 0.0047 0.6900
1434 0.0047 0.6890
1435 0.0047 0.6880
1436 0.0047 0.6880
1437 0.0047 0.6890
1438 0.0047 0.6890
1439 0.0047 0.6890
1440 0.0047 0.6880
1441 0.0047 0.6890
1442 0.0047 0.6890
1443 0.0047 0.6890
1444 0.0047 0.6900
1445 0.0047 0.6890
1446 0.0047 0.6880
1447 0.0047 0.6890
1448 0.0047 0.6900
1449 0.0047 0.6890
1450 0.0047 0.6890
1451 0.0047 0.6890
1452 0.0047 0.6890
1453 0.0047 0.6900
1454 0.0047 0.6900
1455 0.0047 0.6900
1456 0.0047 0.6880
1457 0.0047 0.6890
1458 0.0047 0.6880
1459 0.0047 0.6890
1460 0.0047 0.6870
1461 0.0047 0.6870
1462 0.0047 0.6890
1463 0.0047 0.6890
1464 0.0047 0.6890
1465 0.0047 0.6900
1466 0.0047 0.6890
1467 0.0047 0.6890
1468 0.0047 0.6890
1469 0.0047 0.6880
1470 0.0047 0.6870
1471 0.0047 0.6890
1472 0.0047 0.6900
1473 0.0047 0.6900
1474 0.0047 0.6870
1475 0.0047 0.6880
1476 0.0047 0.6880
1477 0.0047 0.6880
1478 0.0047 0.6890
1479 0.0047 0.6890
1480 0.0047 0.6900
1481 0.0047 0.6900
1482 0.0047 0.6890
1483 0.0047 0.6890
1484 0.0047 0.6890
1485 0.0047 0.6890
1486 0.0047 0.6890
1487 0.0047 0.6870
1488 0.0047 0.6870
1489 0.0047 0.6900
1490 0.0047 0.6900
1491 0.0047 0.6900
1492 0.0047 0.6900
1493 0.0047 0.6890
1494 0.0047 0.6890
1495 0.0047 0.6880
1496 0.0047 0.6890
1497 0.0047 0.6890
1498 0.0047 0.6890
1499 0.0047 0.6890
1500 0.0047 0.6900
1501 0.0047 0.6880
1502 0.0047 0.6890
1503 0.0047 0.6900
1504 0.0047 0.6890
1505 0.0047 0.6900
1506 0.0047 0.6870
1507 0.0047 0.6880
1508 0.0047 0.6890
1509 0.0047 0.6880
1510 0.0047 0.6880
1511 0.0047 0.6870
1512 0.0047 0.6900
1513 0.0047 0.6900
1514 0.0047 0.6900
1515 0.0047 0.6900
1516 0.0047 0.6890
1517 0.0047 0.6890
1518 0.0047 0.6890
1519 0.0047 0.6890
1520 0.0047 0.6900
1521 0.0047 0.6900
1522 0.0047 0.6900
1523 0.0047 0.6900
1524 0.0047 0.6880
1525 0.0047 0.6880
1526 0.0047 0.6880
1527 0.0047 0.6890
1528 0.0047 0.6900
1529 0.0047 0.6900
1530 0.0047 0.6890
1531 0.0047 0.6900
1532 0.0047 0.6900
1533 0.0047 0.6900
1534 0.0047 0.6890
1535 0.0047 0.6890
1536 0.0047 0.6890
1537 0.0047 0.6890
1538 0.0047 0.6890
1539 0.0047 0.6880
1540 0.0047 0.6890
1541 0.0047 0.6900
1542 0.0047 0.6900
1543 0.0047 0.6900
1544 0.0047 0.6900
1545 0.0047 0.6900
1546 0.0047 0.6900
1547 0.0047 0.6880
1548 0.0047 0.6880
1549 0.0047 0.6890
1550 0.0047 0.6900
1551 0.0047 0.6900
1552 0.0047 0.6900
1553 0.0047 0.6900
1554 0.0047 0.6890
1555 0.0047 0.6890
1556 0.0047 0.6880
1557 0.0047 0.6880
1558 0.0047 0.6890
1559 0.0047 0.6890
1560 0.0047 0.6900
1561 0.0047 0.6900
1562 0.0047 0.6900
1563 0.0047 0.6890
1564 0.0047 0.6880
1565 0.0047 0.6880
1566 0.0047 0.6890
1567 0.0047 0.6890
1568 0.0047 0.6900
1569 0.0047 0.6890
1570 0.0047 0.6890
1571 0.0047 0.6900
1572 0.0047 0.6900
1573 0.0047 0.6890
1574 0.0047 0.6900
1575 0.0047 0.6900
1576 0.0047 0.6900
1577 0.0047 0.6880
1578 0.0047 0.6890
1579 0.0047 0.6900
1580 0.0047 0.6900
1581 0.0047 0.6890
1582 0.0047 0.6900
1583 0.0047 0.6900
1584 0.0047 0.6890
1585 0.0047 0.6890
1586 0.0047 0.6890
1587 0.0047 0.6890
1588 0.0047 0.6890
1589 0.0047 0.6880
1590 0.0047 0.6880
1591 0.0047 0.6900
1592 0.0047 0.6900
1593 0.0047 0.6900
1594 0.0047 0.6900
1595 0.0047 0.6900
1596 0.0047 0.6900
1597 0.0047 0.6900
1598 0.0047 0.6890
1599 0.0047 0.6890
1600 0.0047 0.6900
1601 0.0047 0.6890
1602 0.0047 0.6900
1603 0.0047 0.6900
1604 0.0047 0.6890
1605 0.0047 0.6890
1606 0.0047 0.6880
1607 0.0047 0.6900
1608 0.0047 0.6900
1609 0.0047 0.6890
1610 0.0047 0.6890
1611 0.0047 0.6890
1612 0.0047 0.6900
1613 0.0047 0.6890
1614 0.0047 0.6890
1615 0.0047 0.6900
1616 0.0047 0.6900
1617 0.0047 0.6890
1618 0.0047 0.6900
1619 0.0047 0.6900
1620 0.0047 0.6880
1621 0.0047 0.6880
1622 0.0047 0.6880
1623 0.0047 0.6880
1624 0.0047 0.6890
1625 0.0047 0.6900
1626 0.0047 0.6900
1627 0.0047 0.6890
1628 0.0047 0.6900
1629 0.0047 0.6900
1630 0.0047 0.6900
1631 0.0047 0.6900
1632 0.0047 0.6900
1633 0.0047 0.6890
1634 0.0047 0.6890
1635 0.0047 0.6900
1636 0.0047 0.6900
1637 0.0047 0.6900
1638 0.0047 0.6900
1639 0.0047 0.6900
1640 0.0047 0.6900
1641 0.0047 0.6900
1642 0.0047 0.6880
1643 0.0047 0.6900
1644 0.0047 0.6900
1645 0.0047 0.6900
1646 0.0047 0.6900
1647 0.0047 0.6900
1648 0.0047 0.6900
1649 0.0047 0.6890
1650 0.0047 0.6870
1651 0.0047 0.6880
1652 0.0047 0.6890
1653 0.0047 0.6890
1654 0.0047 0.6870
1655 0.0047 0.6870
1656 0.0047 0.6890
1657 0.0047 0.6890
1658 0.0047 0.6890
1659 0.0047 0.6890
1660 0.0047 0.6900
1661 0.0047 0.6900
1662 0.0047 0.6900
1663 0.0047 0.6890
1664 0.0047 0.6890
1665 0.0047 0.6890
1666 0.0047 0.6900
1667 0.0047 0.6900
1668 0.0047 0.6900
1669 0.0047 0.6890
1670 0.0047 0.6880
1671 0.0047 0.6890
1672 0.0047 0.6890
1673 0.0047 0.6890
1674 0.0047 0.6900
1675 0.0047 0.6900
1676 0.0047 0.6900
1677 0.0047 0.6890
1678 0.0047 0.6890
1679 0.0047 0.6900
1680 0.0047 0.6880
1681 0.0047 0.6900
1682 0.0047 0.6900
1683 0.0047 0.6900
1684 0.0047 0.6900
1685 0.0047 0.6890
1686 0.0047 0.6890
1687 0.0047 0.6890
1688 0.0047 0.6890
1689 0.0047 0.6900
1690 0.0047 0.6900
1691 0.0047 0.6900
1692 0.0047 0.6880
1693 0.0047 0.6890
1694 0.0047 0.6880
1695 0.0047 0.6880
1696 0.0047 0.6900
1697 0.0047 0.6900
1698 0.0047 0.6900
1699 0.0047 0.6890
1700 0.0047 0.6890
1701 0.0047 0.6880
1702 0.0047 0.6890
1703 0.0047 0.6890
1704 0.0047 0.6890
1705 0.0047 0.6890
1706 0.0047 0.6890
1707 0.0047 0.6890
1708 0.0047 0.6900
1709 0.0047 0.6900
1710 0.0047 0.6890
1711 0.0047 0.6890
1712 0.0047 0.6890
1713 0.0047 0.6890
1714 0.0047 0.6880
1715 0.0047 0.6900
1716 0.0047 0.6890
1717 0.0047 0.6890
1718 0.0047 0.6880
1719 0.0047 0.6900
1720 0.0047 0.6900
1721 0.0047 0.6900
1722 0.0047 0.6890
1723 0.0047 0.6880
1724 0.0047 0.6880
1725 0.0047 0.6870
1726 0.0047 0.6890
1727 0.0047 0.6900
1728 0.0047 0.6890
1729 0.0047 0.6880
1730 0.0047 0.6890
1731 0.0047 0.6900
1732 0.0047 0.6900
1733 0.0047 0.6900
1734 0.0047 0.6900
1735 0.0047 0.6900
1736 0.0047 0.6890
1737 0.0047 0.6890
1738 0.0047 0.6900
1739 0.0047 0.6900
1740 0.0047 0.6900
1741 0.0047 0.6890
1742 0.0047 0.6900
1743 0.0047 0.6900
1744 0.0047 0.6900
1745 0.0047 0.6900
1746 0.0047 0.6900
1747 0.0047 0.6900
1748 0.0047 0.6890
1749 0.0047 0.6890
1750 0.0047 0.6900
1751 0.0047 0.6900
1752 0.0047 0.6900
1753 0.0047 0.6900
1754 0.0047 0.6890
1755 0.0047 0.6880
1756 0.0047 0.6890
1757 0.0047 0.6900
1758 0.0047 0.6900
1759 0.0047 0.6890
1760 0.0047 0.6900
1761 0.0047 0.6900
1762 0.0047 0.6900
1763 0.0047 0.6870
1764 0.0047 0.6880
1765 0.0047 0.6890
1766 0.0047 0.6890
1767 0.0047 0.6890
1768 0.0047 0.6900
1769 0.0047 0.6900
1770 0.0047 0.6900
1771 0.0047 0.6900
1772 0.0047 0.6900
1773 0.0047 0.6900
1774 0.0047 0.6900
1775 0.0047 0.6900
1776 0.0047 0.6900
1777 0.0047 0.6890
1778 0.0047 0.6890
1779 0.0047 0.6890
1780 0.0047 0.6900
1781 0.0047 0.6900
1782 0.0047 0.6900
1783 0.0047 0.6890
1784 0.0047 0.6890
1785 0.0047 0.6890
1786 0.0047 0.6890
1787 0.0047 0.6890
1788 0.0047 0.6900
1789 0.0047 0.6900
1790 0.0047 0.6890
1791 0.0047 0.6900
1792 0.0047 0.6900
1793 0.0047 0.6900
1794 0.0047 0.6900
1795 0.0047 0.6900
1796 0.0047 0.6890
1797 0.0047 0.6900
1798 0.0047 0.6900
1799 0.0047 0.6890
1800 0.0047 0.6890
1801 0.0047 0.6900
1802 0.0047 0.6900
1803 0.0047 0.6890
1804 0.0047 0.6890
1805 0.0047 0.6900
1806 0.0047 0.6900
1807 0.0047 0.6900
1808 0.0047 0.6900
1809 0.0047 0.6900
1810 0.0047 0.6890
1811 0.0047 0.6900
1812 0.0047 0.6890
1813 0.0047 0.6890
1814 0.0047 0.6900
1815 0.0047 0.6900
1816 0.0047 0.6900
1817 0.0047 0.6900
1818 0.0047 0.6900
1819 0.0047 0.6900
1820 0.0047 0.6900
1821 0.0047 0.6890
1822 0.0047 0.6890
1823 0.0047 0.6890
1824 0.0047 0.6900
1825 0.0047 0.6900
1826 0.0047 0.6900
1827 0.0047 0.6900
1828 0.0047 0.6900
1829 0.0047 0.6900
1830 0.0047 0.6900
1831 0.0047 0.6900
1832 0.0047 0.6900
1833 0.0047 0.6890
1834 0.0047 0.6890
1835 0.0047 0.6900
1836 0.0047 0.6890
1837 0.0047 0.6900
1838 0.0047 0.6890
1839 0.0047 0.6900
1840 0.0047 0.6900
1841 0.0047 0.6890
1842 0.0047 0.6900
1843 0.0047 0.6890
1844 0.0047 0.6890
1845 0.0047 0.6900
1846 0.0047 0.6900
1847 0.0047 0.6890
1848 0.0047 0.6900
1849 0.0047 0.6900
1850 0.0047 0.6890
1851 0.0047 0.6890
1852 0.0047 0.6900
1853 0.0047 0.6900
1854 0.0047 0.6900
1855 0.0047 0.6900
1856 0.0047 0.6900
1857 0.0047 0.6900
1858 0.0047 0.6900
1859 0.0047 0.6900
1860 0.0047 0.6900
1861 0.0047 0.6900
1862 0.0047 0.6890
1863 0.0047 0.6890
1864 0.0047 0.6890
1865 0.0047 0.6890
1866 0.0047 0.6880
1867 0.0047 0.6880
1868 0.0047 0.6900
1869 0.0047 0.6900
1870 0.0047 0.6900
1871 0.0047 0.6890
1872 0.0047 0.6900
1873 0.0047 0.6890
1874 0.0047 0.6890
1875 0.0047 0.6900
1876 0.0047 0.6900
1877 0.0047 0.6900
1878 0.0047 0.6890
1879 0.0047 0.6890
1880 0.0047 0.6880
1881 0.0047 0.6880
1882 0.0047 0.6900
1883 0.0047 0.6900
1884 0.0047 0.6900
1885 0.0047 0.6900
1886 0.0047 0.6900
1887 0.0047 0.6900
1888 0.0047 0.6900
1889 0.0047 0.6890
1890 0.0047 0.6900
1891 0.0047 0.6900
1892 0.0047 0.6900
1893 0.0047 0.6900
1894 0.0047 0.6900
1895 0.0047 0.6890
1896 0.0047 0.6890
1897 0.0047 0.6890
1898 0.0047 0.6900
1899 0.0047 0.6900
1900 0.0047 0.6890
1901 0.0047 0.6900
1902 0.0047 0.6900
1903 0.0047 0.6900
1904 0.0047 0.6900
1905 0.0047 0.6900
1906 0.0047 0.6890
1907 0.0047 0.6900
1908 0.0047 0.6900
1909 0.0047 0.6870
1910 0.0047 0.6870
1911 0.0047 0.6890
1912 0.0047 0.6900
1913 0.0047 0.6900
1914 0.0047 0.6900
1915 0.0047 0.6900
1916 0.0047 0.6900
1917 0.0047 0.6900
1918 0.0047 0.6890
1919 0.0047 0.6890
1920 0.0047 0.6900
1921 0.0047 0.6900
1922 0.0047 0.6900
1923 0.0047 0.6890
1924 0.0047 0.6890
1925 0.0047 0.6890
1926 0.0047 0.6900
1927 0.0047 0.6890
1928 0.0047 0.6900
1929 0.0047 0.6900
1930 0.0047 0.6900
1931 0.0047 0.6880
1932 0.0047 0.6900
1933 0.0047 0.6900
1934 0.0047 0.6890
1935 0.0047 0.6880
1936 0.0047 0.6880
1937 0.0047 0.6890
1938 0.0047 0.6890
1939 0.0047 0.6900
1940 0.0047 0.6900
1941 0.0047 0.6900
1942 0.0047 0.6900
1943 0.0047 0.6900
1944 0.0047 0.6900
1945 0.0047 0.6900
1946 0.0047 0.6890
1947 0.0047 0.6900
1948 0.0047 0.6890
1949 0.0047 0.6890
1950 0.0047 0.6890
1951 0.0047 0.6900
1952 0.0047 0.6900
1953 0.0047 0.6900
1954 0.0047 0.6900
1955 0.0047 0.6900
1956 0.0047 0.6900
1957 0.0047 0.6900
1958 0.0047 0.6900
1959 0.0047 0.6900
1960 0.0047 0.6890
1961 0.0047 0.6880
1962 0.0047 0.6890
1963 0.0047 0.6890
1964 0.0047 0.6900
1965 0.0047 0.6890
1966 0.0047 0.6900
1967 0.0047 0.6900
1968 0.0047 0.6900
1969 0.0047 0.6900
1970 0.0047 0.6900
1971 0.0047 0.6900
1972 0.0047 0.6880
1973 0.0047 0.6900
1974 0.0047 0.6900
1975 0.0047 0.6900
1976 0.0047 0.6900
1977 0.0047 0.6900
1978 0.0047 0.6900
1979 0.0047 0.6890
1980 0.0047 0.6880
1981 0.0047 0.6890
1982 0.0047 0.6900
1983 0.0047 0.6910
1984 0.0047 0.6890
1985 0.0047 0.6890
1986 0.0047 0.6890
1987 0.0047 0.6900
1988 0.0047 0.6890
1989 0.0047 0.6900
1990 0.0047 0.6880
1991 0.0047 0.6890
1992 0.0047 0.6900
1993 0.0047 0.6890
1994 0.0047 0.6890
1995 0.0047 0.6900
1996 0.0047 0.6900
1997 0.0047 0.6890
1998 0.0047 0.6900
1999 0.0047 0.6890
