00 1.9399 0.3930
01 1.8083 0.5230
02 1.6520 0.5640
03 1.4789 0.5810
04 1.3100 0.6180
05 1.1534 0.6640
06 1.0067 0.7000
07 0.8706 0.7270
08 0.7471 0.7460
09 0.6375 0.7630
10 0.5411 0.7720
11 0.4572 0.7850
12 0.3845 0.7920
13 0.3219 0.7950
14 0.2687 0.7910
15 0.2240 0.7910
16 0.1867 0.7920
17 0.1560 0.7950
18 0.1307 0.7960
19 0.1101 0.7990
20 0.0932 0.7990
21 0.0793 0.7970
22 0.0679 0.7930
23 0.0586 0.7920
24 0.0509 0.7930
25 0.0445 0.7940
26 0.0392 0.7940
27 0.0349 0.7940
28 0.0312 0.7950
29 0.0282 0.7940
30 0.0256 0.7930
31 0.0235 0.7930
32 0.0217 0.7920
33 0.0202 0.7930
34 0.0189 0.7960
35 0.0178 0.7970
36 0.0169 0.7950
37 0.0161 0.7950
38 0.0155 0.7950
39 0.0150 0.7950
40 0.0145 0.7980
41 0.0141 0.7970
42 0.0138 0.7970
43 0.0136 0.7970
44 0.0134 0.7980
45 0.0133 0.7980
46 0.0132 0.7970
47 0.0131 0.7970
48 0.0131 0.7990
49 0.0131 0.7990
50 0.0131 0.8000
51 0.0132 0.7980
52 0.0133 0.7950
53 0.0134 0.7940
54 0.0135 0.7940
55 0.0136 0.7940
56 0.0138 0.7940
57 0.0139 0.7960
58 0.0141 0.7960
59 0.0143 0.7960
60 0.0144 0.8000
61 0.0146 0.8000
62 0.0148 0.8000
63 0.0149 0.8000
64 0.0151 0.8000
65 0.0152 0.8010
66 0.0154 0.8010
67 0.0155 0.8000
68 0.0157 0.8000
69 0.0158 0.8000
70 0.0159 0.7990
71 0.0160 0.7990
72 0.0161 0.7990
73 0.0162 0.7980
74 0.0163 0.7980
75 0.0163 0.7980
76 0.0164 0.7980
77 0.0164 0.7980
78 0.0164 0.7980
79 0.0165 0.7980
80 0.0165 0.7980
81 0.0165 0.7980
82 0.0165 0.7990
83 0.0165 0.7990
84 0.0164 0.8000
85 0.0164 0.8000
86 0.0164 0.8000
87 0.0163 0.8000
88 0.0163 0.7990
89 0.0162 0.7980
90 0.0162 0.7980
91 0.0161 0.8000
92 0.0160 0.8000
93 0.0160 0.8000
94 0.0159 0.8000
95 0.0158 0.8010
96 0.0157 0.8020
97 0.0157 0.8060
98 0.0156 0.8060
99 0.0155 0.8060
100 0.0154 0.8060
101 0.0153 0.8070
102 0.0153 0.8060
103 0.0152 0.8060
104 0.0151 0.8060
105 0.0150 0.8060
106 0.0149 0.8050
107 0.0148 0.8050
108 0.0148 0.8040
109 0.0147 0.8030
110 0.0146 0.8030
111 0.0145 0.8030
112 0.0144 0.8030
113 0.0144 0.8030
114 0.0143 0.8030
115 0.0142 0.8030
116 0.0141 0.8030
117 0.0141 0.8030
118 0.0140 0.8030
119 0.0139 0.8030
120 0.0139 0.8030
121 0.0138 0.8030
122 0.0137 0.8030
123 0.0137 0.8030
124 0.0136 0.8030
125 0.0135 0.8030
126 0.0135 0.8030
127 0.0134 0.8040
128 0.0133 0.8040
129 0.0133 0.8040
130 0.0132 0.8050
131 0.0132 0.8040
132 0.0131 0.8040
133 0.0130 0.8040
134 0.0130 0.8040
135 0.0129 0.8040
136 0.0129 0.8040
137 0.0128 0.8040
138 0.0128 0.8050
139 0.0127 0.8050
140 0.0126 0.8050
141 0.0126 0.8050
142 0.0125 0.8050
143 0.0125 0.8050
144 0.0124 0.8050
145 0.0124 0.8050
146 0.0123 0.8050
147 0.0123 0.8030
148 0.0122 0.8030
149 0.0122 0.8040
150 0.0121 0.8040
151 0.0121 0.8040
152 0.0121 0.8040
153 0.0120 0.8030
154 0.0120 0.8030
155 0.0119 0.8030
156 0.0119 0.8030
157 0.0118 0.8030
158 0.0118 0.8030
159 0.0117 0.8030
160 0.0117 0.8020
161 0.0117 0.8020
162 0.0116 0.8030
163 0.0116 0.8030
164 0.0115 0.8030
165 0.0115 0.8030
166 0.0115 0.8030
167 0.0114 0.8030
168 0.0114 0.8030
169 0.0113 0.8030
170 0.0113 0.8020
171 0.0113 0.8020
172 0.0112 0.8020
173 0.0112 0.8020
174 0.0112 0.8020
175 0.0111 0.8020
176 0.0111 0.8020
177 0.0110 0.8000
178 0.0110 0.8000
179 0.0110 0.8000
180 0.0109 0.8000
181 0.0109 0.8000
182 0.0109 0.8000
183 0.0108 0.8000
184 0.0108 0.7990
185 0.0108 0.7990
186 0.0107 0.7990
187 0.0107 0.7990
188 0.0107 0.7990
189 0.0106 0.7990
190 0.0106 0.7990
191 0.0106 0.7990
192 0.0106 0.8000
193 0.0105 0.8000
194 0.0105 0.8000
195 0.0105 0.8000
196 0.0104 0.8000
197 0.0104 0.8000
198 0.0104 0.8000
199 0.0103 0.8000
200 0.0103 0.8000
201 0.0103 0.7990
202 0.0103 0.7990
203 0.0102 0.7980
204 0.0102 0.7980
205 0.0102 0.7980
206 0.0102 0.7980
207 0.0101 0.7990
208 0.0101 0.7980
209 0.0101 0.7990
210 0.0101 0.7990
211 0.0100 0.7990
212 0.0100 0.7990
213 0.0100 0.7990
214 0.0100 0.8000
215 0.0099 0.8000
216 0.0099 0.8000
217 0.0099 0.7990
218 0.0099 0.7990
219 0.0098 0.7990
220 0.0098 0.7990
221 0.0098 0.7990
222 0.0098 0.7990
223 0.0097 0.7990
224 0.0097 0.7990
225 0.0097 0.7990
226 0.0097 0.7990
227 0.0097 0.7990
228 0.0096 0.7990
229 0.0096 0.8000
230 0.0096 0.7990
231 0.0096 0.7990
232 0.0095 0.7990
233 0.0095 0.7990
234 0.0095 0.7990
235 0.0095 0.7990
236 0.0095 0.7990
237 0.0094 0.7990
238 0.0094 0.7990
239 0.0094 0.8000
240 0.0094 0.8000
241 0.0094 0.7990
242 0.0093 0.8000
243 0.0093 0.8000
244 0.0093 0.8000
245 0.0093 0.8000
246 0.0093 0.8000
247 0.0093 0.8000
248 0.0092 0.8000
249 0.0092 0.8000
250 0.0092 0.8000
251 0.0092 0.8010
252 0.0092 0.8010
253 0.0091 0.8010
254 0.0091 0.8010
255 0.0091 0.8010
256 0.0091 0.8010
257 0.0091 0.8010
258 0.0091 0.8020
259 0.0090 0.8020
260 0.0090 0.8020
261 0.0090 0.8020
262 0.0090 0.8020
263 0.0090 0.8030
264 0.0090 0.8030
265 0.0089 0.8040
266 0.0089 0.8040
267 0.0089 0.8040
268 0.0089 0.8040
269 0.0089 0.8030
270 0.0089 0.8030
271 0.0089 0.8030
272 0.0088 0.8030
273 0.0088 0.8030
274 0.0088 0.8020
275 0.0088 0.8020
276 0.0088 0.8030
277 0.0088 0.8030
278 0.0088 0.8030
279 0.0087 0.8030
280 0.0087 0.8030
281 0.0087 0.8040
282 0.0087 0.8040
283 0.0087 0.8050
284 0.0087 0.8050
285 0.0087 0.8050
286 0.0086 0.8050
287 0.0086 0.8050
288 0.0086 0.8050
289 0.0086 0.8050
290 0.0086 0.8050
291 0.0086 0.8050
292 0.0086 0.8050
293 0.0085 0.8050
294 0.0085 0.8050
295 0.0085 0.8050
296 0.0085 0.8050
297 0.0085 0.8050
298 0.0085 0.8050
299 0.0085 0.8050
300 0.0085 0.8050
301 0.0085 0.8050
302 0.0084 0.8050
303 0.0084 0.8050
304 0.0084 0.8050
305 0.0084 0.8050
306 0.0084 0.8050
307 0.0084 0.8050
308 0.0084 0.8040
309 0.0084 0.8040
310 0.0084 0.8040
311 0.0083 0.8040
312 0.0083 0.8040
313 0.0083 0.8040
314 0.0083 0.8040
315 0.0083 0.8040
316 0.0083 0.8040
317 0.0083 0.8040
318 0.0083 0.8040
319 0.0083 0.8040
320 0.0082 0.8040
321 0.0082 0.8040
322 0.0082 0.8030
323 0.0082 0.8030
324 0.0082 0.8040
325 0.0082 0.8040
326 0.0082 0.8060
327 0.0082 0.8060
328 0.0082 0.8050
329 0.0082 0.8050
330 0.0081 0.8050
331 0.0081 0.8050
332 0.0081 0.8050
333 0.0081 0.8060
334 0.0081 0.8060
335 0.0081 0.8070
336 0.0081 0.8060
337 0.0081 0.8060
338 0.0081 0.8060
339 0.0081 0.8060
340 0.0081 0.8060
341 0.0080 0.8060
342 0.0080 0.8060
343 0.0080 0.8060
344 0.0080 0.8060
345 0.0080 0.8060
346 0.0080 0.8050
347 0.0080 0.8050
348 0.0080 0.8050
349 0.0080 0.8050
350 0.0080 0.8050
351 0.0080 0.8050
352 0.0079 0.8050
353 0.0079 0.8050
354 0.0079 0.8050
355 0.0079 0.8050
356 0.0079 0.8050
357 0.0079 0.8040
358 0.0079 0.8050
359 0.0079 0.8060
360 0.0079 0.8060
361 0.0079 0.8050
362 0.0079 0.8050
363 0.0079 0.8060
364 0.0079 0.8060
365 0.0078 0.8060
366 0.0078 0.8050
367 0.0078 0.8050
368 0.0078 0.8050
369 0.0078 0.8050
370 0.0078 0.8050
371 0.0078 0.8050
372 0.0078 0.8050
373 0.0078 0.8050
374 0.0078 0.8050
375 0.0078 0.8050
376 0.0078 0.8050
377 0.0078 0.8050
378 0.0078 0.8050
379 0.0077 0.8050
380 0.0077 0.8050
381 0.0077 0.8050
382 0.0077 0.8050
383 0.0077 0.8050
384 0.0077 0.8050
385 0.0077 0.8050
386 0.0077 0.8050
387 0.0077 0.8050
388 0.0077 0.8050
389 0.0077 0.8050
390 0.0077 0.8050
391 0.0077 0.8050
392 0.0077 0.8050
393 0.0077 0.8050
394 0.0077 0.8050
395 0.0076 0.8050
396 0.0076 0.8050
397 0.0076 0.8050
398 0.0076 0.8050
399 0.0076 0.8050
400 0.0076 0.8050
401 0.0076 0.8050
402 0.0076 0.8050
403 0.0076 0.8050
404 0.0076 0.8050
405 0.0076 0.8050
406 0.0076 0.8050
407 0.0076 0.8050
408 0.0076 0.8050
409 0.0076 0.8050
410 0.0076 0.8050
411 0.0076 0.8050
412 0.0075 0.8050
413 0.0075 0.8040
414 0.0075 0.8040
415 0.0075 0.8040
416 0.0075 0.8040
417 0.0075 0.8040
418 0.0075 0.8040
419 0.0075 0.8040
420 0.0075 0.8040
421 0.0075 0.8040
422 0.0075 0.8040
423 0.0075 0.8040
424 0.0075 0.8040
425 0.0075 0.8040
426 0.0075 0.8040
427 0.0075 0.8040
428 0.0075 0.8040
429 0.0075 0.8040
430 0.0075 0.8040
431 0.0075 0.8040
432 0.0074 0.8040
433 0.0074 0.8040
434 0.0074 0.8040
435 0.0074 0.8050
436 0.0074 0.8040
437 0.0074 0.8040
438 0.0074 0.8040
439 0.0074 0.8040
440 0.0074 0.8050
441 0.0074 0.8050
442 0.0074 0.8050
443 0.0074 0.8050
444 0.0074 0.8050
445 0.0074 0.8050
446 0.0074 0.8050
447 0.0074 0.8050
448 0.0074 0.8050
449 0.0074 0.8050
450 0.0074 0.8050
451 0.0074 0.8050
452 0.0074 0.8050
453 0.0074 0.8050
454 0.0074 0.8050
455 0.0073 0.8050
456 0.0073 0.8050
457 0.0073 0.8040
458 0.0073 0.8040
459 0.0073 0.8040
460 0.0073 0.8040
461 0.0073 0.8050
462 0.0073 0.8050
463 0.0073 0.8050
464 0.0073 0.8050
465 0.0073 0.8050
466 0.0073 0.8050
467 0.0073 0.8050
468 0.0073 0.8050
469 0.0073 0.8050
470 0.0073 0.8050
471 0.0073 0.8050
472 0.0073 0.8050
473 0.0073 0.8050
474 0.0073 0.8050
475 0.0073 0.8050
476 0.0073 0.8050
477 0.0073 0.8050
478 0.0073 0.8050
479 0.0073 0.8050
480 0.0073 0.8050
481 0.0073 0.8050
482 0.0072 0.8050
483 0.0072 0.8060
484 0.0072 0.8060
485 0.0072 0.8060
486 0.0072 0.8060
487 0.0072 0.8050
488 0.0072 0.8050
489 0.0072 0.8060
490 0.0072 0.8050
491 0.0072 0.8050
492 0.0072 0.8050
493 0.0072 0.8050
494 0.0072 0.8050
495 0.0072 0.8050
496 0.0072 0.8050
497 0.0072 0.8050
498 0.0072 0.8050
499 0.0072 0.8050
500 0.0072 0.8050
501 0.0072 0.8050
502 0.0072 0.8050
503 0.0072 0.8050
504 0.0072 0.8050
505 0.0072 0.8050
506 0.0072 0.8050
507 0.0072 0.8050
508 0.0072 0.8050
509 0.0072 0.8050
510 0.0072 0.8050
511 0.0072 0.8050
512 0.0072 0.8050
513 0.0071 0.8050
514 0.0071 0.8050
515 0.0071 0.8050
516 0.0071 0.8060
517 0.0071 0.8060
518 0.0071 0.8060
519 0.0071 0.8060
520 0.0071 0.8060
521 0.0071 0.8060
522 0.0071 0.8060
523 0.0071 0.8060
524 0.0071 0.8060
525 0.0071 0.8060
526 0.0071 0.8050
527 0.0071 0.8050
528 0.0071 0.8050
529 0.0071 0.8050
530 0.0071 0.8050
531 0.0071 0.8040
532 0.0071 0.8040
533 0.0071 0.8040
534 0.0071 0.8050
535 0.0071 0.8050
536 0.0071 0.8050
537 0.0071 0.8050
538 0.0071 0.8050
539 0.0071 0.8040
540 0.0071 0.8040
541 0.0071 0.8040
542 0.0071 0.8040
543 0.0071 0.8040
544 0.0071 0.8040
545 0.0071 0.8040
546 0.0071 0.8040
547 0.0071 0.8040
548 0.0071 0.8040
549 0.0071 0.8040
550 0.0071 0.8050
551 0.0071 0.8050
552 0.0071 0.8040
553 0.0071 0.8040
554 0.0071 0.8040
555 0.0070 0.8040
556 0.0070 0.8040
557 0.0070 0.8040
558 0.0070 0.8040
559 0.0070 0.8040
560 0.0070 0.8040
561 0.0070 0.8040
562 0.0070 0.8040
563 0.0070 0.8040
564 0.0070 0.8050
565 0.0070 0.8040
566 0.0070 0.8040
567 0.0070 0.8040
568 0.0070 0.8040
569 0.0070 0.8040
570 0.0070 0.8040
571 0.0070 0.8040
572 0.0070 0.8040
573 0.0070 0.8040
574 0.0070 0.8040
575 0.0070 0.8040
576 0.0070 0.8040
577 0.0070 0.8040
578 0.0070 0.8040
579 0.0070 0.8040
580 0.0070 0.8040
581 0.0070 0.8040
582 0.0070 0.8040
583 0.0070 0.8040
584 0.0070 0.8040
585 0.0070 0.8040
586 0.0070 0.8040
587 0.0070 0.8040
588 0.0070 0.8040
589 0.0070 0.8040
590 0.0070 0.8040
591 0.0070 0.8040
592 0.0070 0.8040
593 0.0070 0.8040
594 0.0070 0.8040
595 0.0070 0.8040
596 0.0070 0.8040
597 0.0070 0.8040
598 0.0070 0.8050
599 0.0070 0.8050
600 0.0070 0.8050
601 0.0070 0.8050
602 0.0070 0.8050
603 0.0070 0.8050
604 0.0070 0.8050
605 0.0070 0.8050
606 0.0070 0.8050
607 0.0070 0.8050
608 0.0070 0.8050
609 0.0070 0.8050
610 0.0070 0.8050
611 0.0070 0.8050
612 0.0070 0.8050
613 0.0070 0.8050
614 0.0069 0.8050
615 0.0069 0.8050
616 0.0069 0.8050
617 0.0069 0.8050
618 0.0069 0.8050
619 0.0069 0.8050
620 0.0069 0.8050
621 0.0069 0.8050
622 0.0069 0.8050
623 0.0069 0.8050
624 0.0069 0.8070
625 0.0069 0.8070
626 0.0069 0.8070
627 0.0069 0.8060
628 0.0069 0.8060
629 0.0069 0.8060
630 0.0069 0.8060
631 0.0069 0.8060
632 0.0069 0.8060
633 0.0069 0.8060
634 0.0069 0.8060
635 0.0069 0.8060
636 0.0069 0.8060
637 0.0069 0.8060
638 0.0069 0.8060
639 0.0069 0.8060
640 0.0069 0.8060
641 0.0069 0.8060
642 0.0069 0.8060
643 0.0069 0.8060
644 0.0069 0.8060
645 0.0069 0.8060
646 0.0069 0.8060
647 0.0069 0.8060
648 0.0069 0.8060
649 0.0069 0.8060
650 0.0069 0.8060
651 0.0069 0.8060
652 0.0069 0.8060
653 0.0069 0.8060
654 0.0069 0.8060
655 0.0069 0.8060
656 0.0069 0.8070
657 0.0069 0.8070
658 0.0069 0.8070
659 0.0069 0.8070
660 0.0069 0.8070
661 0.0069 0.8070
662 0.0069 0.8070
663 0.0069 0.8070
664 0.0069 0.8070
665 0.0069 0.8070
666 0.0069 0.8070
667 0.0069 0.8070
668 0.0069 0.8070
669 0.0069 0.8070
670 0.0069 0.8070
671 0.0069 0.8070
672 0.0069 0.8070
673 0.0069 0.8070
674 0.0069 0.8070
675 0.0069 0.8070
676 0.0069 0.8070
677 0.0069 0.8070
678 0.0069 0.8070
679 0.0069 0.8070
680 0.0069 0.8070
681 0.0069 0.8070
682 0.0069 0.8070
683 0.0069 0.8070
684 0.0069 0.8070
685 0.0069 0.8070
686 0.0069 0.8070
687 0.0069 0.8070
688 0.0069 0.8070
689 0.0069 0.8070
690 0.0069 0.8070
691 0.0069 0.8070
692 0.0069 0.8070
693 0.0069 0.8070
694 0.0069 0.8070
695 0.0069 0.8070
696 0.0069 0.8070
697 0.0069 0.8070
698 0.0069 0.8070
699 0.0069 0.8070
700 0.0069 0.8070
701 0.0069 0.8070
702 0.0068 0.8070
703 0.0068 0.8070
704 0.0068 0.8070
705 0.0068 0.8070
706 0.0068 0.8070
707 0.0068 0.8070
708 0.0068 0.8070
709 0.0068 0.8070
710 0.0068 0.8070
711 0.0068 0.8070
712 0.0068 0.8070
713 0.0068 0.8070
714 0.0068 0.8070
715 0.0068 0.8070
716 0.0068 0.8070
717 0.0068 0.8070
718 0.0068 0.8070
719 0.0068 0.8070
720 0.0068 0.8070
721 0.0068 0.8070
722 0.0068 0.8070
723 0.0068 0.8070
724 0.0068 0.8070
725 0.0068 0.8070
726 0.0068 0.8070
727 0.0068 0.8070
728 0.0068 0.8070
729 0.0068 0.8070
730 0.0068 0.8070
731 0.0068 0.8070
732 0.0068 0.8070
733 0.0068 0.8070
734 0.0068 0.8070
735 0.0068 0.8070
736 0.0068 0.8070
737 0.0068 0.8070
738 0.0068 0.8070
739 0.0068 0.8070
740 0.0068 0.8070
741 0.0068 0.8070
742 0.0068 0.8070
743 0.0068 0.8070
744 0.0068 0.8070
745 0.0068 0.8070
746 0.0068 0.8070
747 0.0068 0.8070
748 0.0068 0.8070
749 0.0068 0.8070
750 0.0068 0.8070
751 0.0068 0.8070
752 0.0068 0.8070
753 0.0068 0.8070
754 0.0068 0.8070
755 0.0068 0.8070
756 0.0068 0.8070
757 0.0068 0.8070
758 0.0068 0.8070
759 0.0068 0.8070
760 0.0068 0.8070
761 0.0068 0.8070
762 0.0068 0.8070
763 0.0068 0.8070
764 0.0068 0.8070
765 0.0068 0.8070
766 0.0068 0.8070
767 0.0068 0.8070
768 0.0068 0.8070
769 0.0068 0.8070
770 0.0068 0.8070
771 0.0068 0.8070
772 0.0068 0.8070
773 0.0068 0.8070
774 0.0068 0.8070
775 0.0068 0.8070
776 0.0068 0.8070
777 0.0068 0.8060
778 0.0068 0.8070
779 0.0068 0.8070
780 0.0068 0.8060
781 0.0068 0.8060
782 0.0068 0.8060
783 0.0068 0.8060
784 0.0068 0.8060
785 0.0068 0.8060
786 0.0068 0.8060
787 0.0068 0.8060
788 0.0068 0.8060
789 0.0068 0.8060
790 0.0068 0.8060
791 0.0068 0.8060
792 0.0068 0.8060
793 0.0068 0.8060
794 0.0068 0.8060
795 0.0068 0.8060
796 0.0068 0.8060
797 0.0068 0.8060
798 0.0068 0.8060
799 0.0068 0.8060
800 0.0068 0.8060
801 0.0068 0.8060
802 0.0068 0.8060
803 0.0068 0.8060
804 0.0068 0.8060
805 0.0068 0.8060
806 0.0068 0.8060
807 0.0068 0.8060
808 0.0068 0.8060
809 0.0068 0.8060
810 0.0068 0.8060
811 0.0068 0.8060
812 0.0068 0.8060
813 0.0068 0.8060
814 0.0068 0.8060
815 0.0068 0.8060
816 0.0068 0.8060
817 0.0068 0.8060
818 0.0068 0.8060
819 0.0068 0.8060
820 0.0068 0.8060
821 0.0068 0.8060
822 0.0068 0.8060
823 0.0068 0.8060
824 0.0068 0.8060
825 0.0068 0.8060
826 0.0068 0.8060
827 0.0068 0.8060
828 0.0068 0.8060
829 0.0068 0.8060
830 0.0068 0.8060
831 0.0068 0.8060
832 0.0068 0.8060
833 0.0068 0.8060
834 0.0068 0.8060
835 0.0068 0.8060
836 0.0068 0.8060
837 0.0068 0.8060
838 0.0068 0.8060
839 0.0068 0.8060
840 0.0068 0.8060
841 0.0068 0.8060
842 0.0068 0.8060
843 0.0068 0.8060
844 0.0068 0.8060
845 0.0068 0.8060
846 0.0068 0.8060
847 0.0068 0.8060
848 0.0068 0.8060
849 0.0068 0.8060
850 0.0068 0.8060
851 0.0068 0.8060
852 0.0068 0.8060
853 0.0068 0.8060
854 0.0068 0.8060
855 0.0068 0.8060
856 0.0068 0.8060
857 0.0068 0.8060
858 0.0068 0.8060
859 0.0068 0.8060
860 0.0068 0.8060
861 0.0068 0.8060
862 0.0068 0.8060
863 0.0068 0.8060
864 0.0068 0.8060
865 0.0068 0.8060
866 0.0068 0.8060
867 0.0068 0.8060
868 0.0068 0.8060
869 0.0068 0.8060
870 0.0068 0.8060
871 0.0068 0.8060
872 0.0068 0.8060
873 0.0068 0.8060
874 0.0068 0.8060
875 0.0068 0.8060
876 0.0068 0.8060
877 0.0068 0.8060
878 0.0068 0.8060
879 0.0068 0.8060
880 0.0067 0.8060
881 0.0067 0.8060
882 0.0067 0.8060
883 0.0067 0.8060
884 0.0067 0.8060
885 0.0067 0.8060
886 0.0067 0.8060
887 0.0067 0.8060
888 0.0067 0.8060
889 0.0067 0.8060
890 0.0067 0.8060
891 0.0067 0.8060
892 0.0067 0.8060
893 0.0067 0.8060
894 0.0067 0.8060
895 0.0067 0.8060
896 0.0067 0.8060
897 0.0067 0.8060
898 0.0067 0.8060
899 0.0067 0.8060
900 0.0067 0.8060
901 0.0067 0.8060
902 0.0067 0.8060
903 0.0067 0.8060
904 0.0067 0.8060
905 0.0067 0.8060
906 0.0067 0.8060
907 0.0067 0.8060
908 0.0067 0.8060
909 0.0067 0.8060
910 0.0067 0.8060
911 0.0067 0.8060
912 0.0067 0.8060
913 0.0067 0.8060
914 0.0067 0.8060
915 0.0067 0.8060
916 0.0067 0.8060
917 0.0067 0.8060
918 0.0067 0.8060
919 0.0067 0.8060
920 0.0067 0.8060
921 0.0067 0.8060
922 0.0067 0.8060
923 0.0067 0.8060
924 0.0067 0.8060
925 0.0067 0.8060
926 0.0067 0.8060
927 0.0067 0.8060
928 0.0067 0.8060
929 0.0067 0.8060
930 0.0067 0.8060
931 0.0067 0.8060
932 0.0067 0.8060
933 0.0067 0.8060
934 0.0067 0.8060
935 0.0067 0.8060
936 0.0067 0.8060
937 0.0067 0.8060
938 0.0067 0.8060
939 0.0067 0.8060
940 0.0067 0.8060
941 0.0067 0.8060
942 0.0067 0.8060
943 0.0067 0.8060
944 0.0067 0.8060
945 0.0067 0.8060
946 0.0067 0.8060
947 0.0067 0.8060
948 0.0067 0.8060
949 0.0067 0.8050
950 0.0067 0.8050
951 0.0067 0.8050
952 0.0067 0.8060
953 0.0067 0.8060
954 0.0067 0.8060
955 0.0067 0.8060
956 0.0067 0.8060
957 0.0067 0.8060
958 0.0067 0.8060
959 0.0067 0.8060
960 0.0067 0.8060
961 0.0067 0.8060
962 0.0067 0.8050
963 0.0067 0.8050
964 0.0067 0.8050
965 0.0067 0.8050
966 0.0067 0.8050
967 0.0067 0.8050
968 0.0067 0.8050
969 0.0067 0.8050
970 0.0067 0.8050
971 0.0067 0.8050
972 0.0067 0.8050
973 0.0067 0.8050
974 0.0067 0.8050
975 0.0067 0.8050
976 0.0067 0.8050
977 0.0067 0.8050
978 0.0067 0.8050
979 0.0067 0.8050
980 0.0067 0.8050
981 0.0067 0.8050
982 0.0067 0.8050
983 0.0067 0.8050
984 0.0067 0.8050
985 0.0067 0.8050
986 0.0067 0.8050
987 0.0067 0.8050
988 0.0067 0.8050
989 0.0067 0.8050
990 0.0067 0.8050
991 0.0067 0.8050
992 0.0067 0.8050
993 0.0067 0.8050
994 0.0067 0.8050
995 0.0067 0.8050
996 0.0067 0.8050
997 0.0067 0.8050
998 0.0067 0.8050
999 0.0067 0.8050
1000 0.0067 0.8050
1001 0.0067 0.8050
1002 0.0067 0.8050
1003 0.0067 0.8050
1004 0.0067 0.8050
1005 0.0067 0.8050
1006 0.0067 0.8050
1007 0.0067 0.8050
1008 0.0067 0.8050
1009 0.0067 0.8050
1010 0.0067 0.8050
1011 0.0067 0.8050
1012 0.0067 0.8050
1013 0.0067 0.8050
1014 0.0067 0.8050
1015 0.0067 0.8050
1016 0.0067 0.8050
1017 0.0067 0.8050
1018 0.0067 0.8050
1019 0.0067 0.8050
1020 0.0067 0.8050
1021 0.0067 0.8050
1022 0.0067 0.8050
1023 0.0067 0.8050
1024 0.0067 0.8050
1025 0.0067 0.8050
1026 0.0067 0.8050
1027 0.0067 0.8050
1028 0.0067 0.8050
1029 0.0067 0.8050
1030 0.0067 0.8050
1031 0.0067 0.8050
1032 0.0067 0.8050
1033 0.0067 0.8050
1034 0.0067 0.8050
1035 0.0067 0.8050
1036 0.0067 0.8050
1037 0.0067 0.8050
1038 0.0067 0.8050
1039 0.0067 0.8050
1040 0.0067 0.8050
1041 0.0067 0.8050
1042 0.0067 0.8050
1043 0.0067 0.8050
1044 0.0067 0.8050
1045 0.0067 0.8050
1046 0.0067 0.8050
1047 0.0067 0.8050
1048 0.0067 0.8050
1049 0.0067 0.8050
1050 0.0067 0.8050
1051 0.0067 0.8050
1052 0.0067 0.8050
1053 0.0067 0.8050
1054 0.0067 0.8050
1055 0.0067 0.8050
1056 0.0067 0.8050
1057 0.0067 0.8050
1058 0.0067 0.8050
1059 0.0067 0.8050
1060 0.0067 0.8050
1061 0.0067 0.8050
1062 0.0067 0.8050
1063 0.0067 0.8050
1064 0.0067 0.8050
1065 0.0067 0.8050
1066 0.0067 0.8050
1067 0.0067 0.8050
1068 0.0067 0.8050
1069 0.0067 0.8050
1070 0.0067 0.8050
1071 0.0067 0.8050
1072 0.0067 0.8050
1073 0.0067 0.8050
1074 0.0067 0.8050
1075 0.0067 0.8050
1076 0.0067 0.8050
1077 0.0067 0.8050
1078 0.0067 0.8050
1079 0.0067 0.8050
1080 0.0067 0.8050
1081 0.0067 0.8050
1082 0.0067 0.8050
1083 0.0067 0.8050
1084 0.0067 0.8050
1085 0.0067 0.8050
1086 0.0067 0.8050
1087 0.0067 0.8060
1088 0.0067 0.8060
1089 0.0067 0.8050
1090 0.0067 0.8050
1091 0.0067 0.8050
1092 0.0067 0.8050
1093 0.0067 0.8050
1094 0.0067 0.8050
1095 0.0067 0.8050
1096 0.0067 0.8050
1097 0.0067 0.8050
1098 0.0067 0.8050
1099 0.0067 0.8050
1100 0.0067 0.8050
1101 0.0067 0.8050
1102 0.0067 0.8050
1103 0.0067 0.8050
1104 0.0067 0.8050
1105 0.0067 0.8050
1106 0.0067 0.8060
1107 0.0067 0.8060
1108 0.0067 0.8050
1109 0.0067 0.8050
1110 0.0067 0.8050
1111 0.0067 0.8050
1112 0.0067 0.8060
1113 0.0067 0.8060
1114 0.0067 0.8050
1115 0.0067 0.8050
1116 0.0067 0.8060
1117 0.0067 0.8060
1118 0.0067 0.8050
1119 0.0067 0.8050
1120 0.0067 0.8050
1121 0.0067 0.8060
1122 0.0067 0.8060
1123 0.0067 0.8060
1124 0.0067 0.8060
1125 0.0067 0.8060
1126 0.0067 0.8060
1127 0.0067 0.8060
1128 0.0067 0.8060
1129 0.0067 0.8060
1130 0.0067 0.8060
1131 0.0067 0.8060
1132 0.0067 0.8060
1133 0.0067 0.8060
1134 0.0067 0.8060
1135 0.0067 0.8060
1136 0.0067 0.8060
1137 0.0067 0.8060
1138 0.0067 0.8050
1139 0.0067 0.8050
1140 0.0067 0.8060
1141 0.0067 0.8060
1142 0.0067 0.8060
1143 0.0067 0.8060
1144 0.0067 0.8060
1145 0.0067 0.8050
1146 0.0067 0.8060
1147 0.0067 0.8050
1148 0.0067 0.8060
1149 0.0067 0.8060
1150 0.0067 0.8060
1151 0.0067 0.8060
1152 0.0067 0.8060
1153 0.0067 0.8050
1154 0.0067 0.8050
1155 0.0067 0.8060
1156 0.0067 0.8060
1157 0.0067 0.8060
1158 0.0067 0.8060
1159 0.0067 0.8060
1160 0.0067 0.8060
1161 0.0067 0.8060
1162 0.0067 0.8060
1163 0.0067 0.8060
1164 0.0067 0.8060
1165 0.0067 0.8060
1166 0.0067 0.8060
1167 0.0067 0.8060
1168 0.0067 0.8060
1169 0.0067 0.8060
1170 0.0067 0.8060
1171 0.0067 0.8060
1172 0.0067 0.8060
1173 0.0067 0.8060
1174 0.0067 0.8060
1175 0.0067 0.8050
1176 0.0067 0.8060
1177 0.0067 0.8060
1178 0.0067 0.8060
1179 0.0067 0.8060
1180 0.0067 0.8060
1181 0.0067 0.8060
1182 0.0067 0.8060
1183 0.0067 0.8060
1184 0.0067 0.8060
1185 0.0067 0.8060
1186 0.0067 0.8060
1187 0.0067 0.8060
1188 0.0067 0.8070
1189 0.0067 0.8070
1190 0.0067 0.8070
1191 0.0067 0.8070
1192 0.0067 0.8060
1193 0.0067 0.8060
1194 0.0067 0.8060
1195 0.0067 0.8070
1196 0.0067 0.8060
1197 0.0067 0.8060
1198 0.0067 0.8060
1199 0.0067 0.8070
1200 0.0067 0.8070
1201 0.0067 0.8070
1202 0.0067 0.8070
1203 0.0067 0.8070
1204 0.0067 0.8070
1205 0.0067 0.8070
1206 0.0067 0.8070
1207 0.0067 0.8070
1208 0.0067 0.8070
1209 0.0067 0.8070
1210 0.0067 0.8070
1211 0.0067 0.8070
1212 0.0067 0.8070
1213 0.0067 0.8070
1214 0.0067 0.8070
1215 0.0067 0.8070
1216 0.0067 0.8070
1217 0.0067 0.8070
1218 0.0067 0.8070
1219 0.0067 0.8070
1220 0.0067 0.8070
1221 0.0067 0.8070
1222 0.0067 0.8070
1223 0.0067 0.8070
1224 0.0067 0.8070
1225 0.0067 0.8070
1226 0.0067 0.8070
1227 0.0067 0.8070
1228 0.0067 0.8070
1229 0.0067 0.8070
1230 0.0067 0.8070
1231 0.0067 0.8070
1232 0.0067 0.8070
1233 0.0067 0.8070
1234 0.0067 0.8070
1235 0.0067 0.8070
1236 0.0067 0.8070
1237 0.0067 0.8070
1238 0.0067 0.8070
1239 0.0067 0.8070
1240 0.0067 0.8070
1241 0.0067 0.8070
1242 0.0067 0.8070
1243 0.0067 0.8070
1244 0.0067 0.8070
1245 0.0067 0.8070
1246 0.0067 0.8070
1247 0.0067 0.8070
1248 0.0067 0.8070
1249 0.0067 0.8070
1250 0.0067 0.8070
1251 0.0067 0.8070
1252 0.0067 0.8070
1253 0.0067 0.8070
1254 0.0067 0.8070
1255 0.0067 0.8070
1256 0.0067 0.8070
1257 0.0067 0.8070
1258 0.0067 0.8070
1259 0.0067 0.8070
1260 0.0067 0.8070
1261 0.0067 0.8070
1262 0.0067 0.8070
1263 0.0067 0.8070
1264 0.0067 0.8070
1265 0.0067 0.8070
1266 0.0067 0.8070
1267 0.0067 0.8070
1268 0.0067 0.8070
1269 0.0067 0.8070
1270 0.0067 0.8070
1271 0.0067 0.8070
1272 0.0067 0.8070
1273 0.0067 0.8070
1274 0.0067 0.8070
1275 0.0067 0.8070
1276 0.0067 0.8070
1277 0.0067 0.8070
1278 0.0067 0.8070
1279 0.0067 0.8070
1280 0.0067 0.8070
1281 0.0067 0.8070
1282 0.0067 0.8080
1283 0.0067 0.8070
1284 0.0067 0.8070
1285 0.0067 0.8080
1286 0.0067 0.8070
1287 0.0067 0.8070
1288 0.0067 0.8070
1289 0.0067 0.8070
1290 0.0067 0.8070
1291 0.0067 0.8070
1292 0.0067 0.8070
1293 0.0067 0.8080
1294 0.0067 0.8080
1295 0.0067 0.8070
1296 0.0067 0.8070
1297 0.0067 0.8070
1298 0.0067 0.8070
1299 0.0067 0.8080
1300 0.0067 0.8080
1301 0.0067 0.8080
1302 0.0067 0.8070
1303 0.0067 0.8070
1304 0.0067 0.8070
1305 0.0067 0.8080
1306 0.0067 0.8080
1307 0.0067 0.8080
1308 0.0067 0.8080
1309 0.0067 0.8070
1310 0.0067 0.8070
1311 0.0067 0.8080
1312 0.0067 0.8080
1313 0.0067 0.8080
1314 0.0067 0.8080
1315 0.0067 0.8080
1316 0.0067 0.8080
1317 0.0067 0.8080
1318 0.0067 0.8070
1319 0.0067 0.8070
1320 0.0067 0.8070
1321 0.0067 0.8070
1322 0.0067 0.8070
1323 0.0067 0.8080
1324 0.0067 0.8080
1325 0.0067 0.8080
1326 0.0067 0.8080
1327 0.0067 0.8080
1328 0.0067 0.8080
1329 0.0067 0.8080
1330 0.0067 0.8080
1331 0.0067 0.8080
1332 0.0067 0.8080
1333 0.0067 0.8080
1334 0.0067 0.8080
1335 0.0067 0.8080
1336 0.0067 0.8080
1337 0.0067 0.8080
1338 0.0067 0.8080
1339 0.0067 0.8080
1340 0.0067 0.8080
1341 0.0067 0.8080
1342 0.0067 0.8080
1343 0.0067 0.8080
1344 0.0067 0.8080
1345 0.0067 0.8080
1346 0.0067 0.8080
1347 0.0067 0.8080
1348 0.0067 0.8080
1349 0.0067 0.8080
1350 0.0067 0.8080
1351 0.0067 0.8080
1352 0.0067 0.8080
1353 0.0067 0.8080
1354 0.0067 0.8080
1355 0.0067 0.8080
1356 0.0067 0.8080
1357 0.0067 0.8080
1358 0.0067 0.8080
1359 0.0067 0.8080
1360 0.0067 0.8080
1361 0.0067 0.8080
1362 0.0067 0.8080
1363 0.0067 0.8080
1364 0.0067 0.8080
1365 0.0067 0.8080
1366 0.0067 0.8080
1367 0.0067 0.8080
1368 0.0067 0.8070
1369 0.0067 0.8080
1370 0.0067 0.8080
1371 0.0067 0.8080
1372 0.0067 0.8080
1373 0.0067 0.8080
1374 0.0067 0.8070
1375 0.0067 0.8080
1376 0.0067 0.8080
1377 0.0067 0.8080
1378 0.0067 0.8080
1379 0.0067 0.8070
1380 0.0067 0.8070
1381 0.0067 0.8070
1382 0.0067 0.8080
1383 0.0067 0.8080
1384 0.0067 0.8080
1385 0.0067 0.8070
1386 0.0067 0.8070
1387 0.0067 0.8080
1388 0.0067 0.8080
1389 0.0067 0.8080
1390 0.0067 0.8070
1391 0.0067 0.8070
1392 0.0067 0.8080
1393 0.0067 0.8080
1394 0.0067 0.8080
1395 0.0067 0.8080
1396 0.0067 0.8070
1397 0.0067 0.8070
1398 0.0067 0.8080
1399 0.0067 0.8080
1400 0.0067 0.8080
1401 0.0067 0.8070
1402 0.0067 0.8070
1403 0.0067 0.8070
1404 0.0067 0.8080
1405 0.0067 0.8080
1406 0.0067 0.8070
1407 0.0067 0.8070
1408 0.0067 0.8070
1409 0.0067 0.8070
1410 0.0067 0.8080
1411 0.0067 0.8080
1412 0.0067 0.8080
1413 0.0067 0.8070
1414 0.0067 0.8070
1415 0.0067 0.8070
1416 0.0067 0.8070
1417 0.0067 0.8070
1418 0.0067 0.8080
1419 0.0067 0.8080
1420 0.0067 0.8070
1421 0.0067 0.8070
1422 0.0067 0.8070
1423 0.0067 0.8070
1424 0.0067 0.8070
1425 0.0067 0.8070
1426 0.0067 0.8080
1427 0.0067 0.8070
1428 0.0067 0.8070
1429 0.0067 0.8070
1430 0.0067 0.8070
1431 0.0067 0.8070
1432 0.0067 0.8080
1433 0.0067 0.8070
1434 0.0067 0.8070
1435 0.0067 0.8070
1436 0.0067 0.8070
1437 0.0067 0.8070
1438 0.0067 0.8070
1439 0.0067 0.8070
1440 0.0067 0.8070
1441 0.0067 0.8070
1442 0.0067 0.8070
1443 0.0067 0.8070
1444 0.0067 0.8080
1445 0.0067 0.8080
1446 0.0067 0.8070
1447 0.0067 0.8060
1448 0.0067 0.8070
1449 0.0067 0.8070
1450 0.0067 0.8070
1451 0.0067 0.8070
1452 0.0067 0.8070
1453 0.0067 0.8070
1454 0.0067 0.8060
1455 0.0067 0.8060
1456 0.0067 0.8060
1457 0.0067 0.8070
1458 0.0067 0.8070
1459 0.0067 0.8070
1460 0.0067 0.8070
1461 0.0067 0.8070
1462 0.0067 0.8070
1463 0.0067 0.8070
1464 0.0067 0.8060
1465 0.0067 0.8060
1466 0.0067 0.8060
1467 0.0067 0.8070
1468 0.0067 0.8060
1469 0.0067 0.8060
1470 0.0067 0.8060
1471 0.0067 0.8060
1472 0.0067 0.8070
1473 0.0067 0.8070
1474 0.0067 0.8070
1475 0.0067 0.8070
1476 0.0067 0.8070
1477 0.0067 0.8070
1478 0.0067 0.8080
1479 0.0067 0.8070
1480 0.0067 0.8070
1481 0.0067 0.8060
1482 0.0067 0.8060
1483 0.0067 0.8070
1484 0.0067 0.8080
1485 0.0067 0.8070
1486 0.0067 0.8070
1487 0.0067 0.8060
1488 0.0067 0.8060
1489 0.0067 0.8060
1490 0.0067 0.8060
1491 0.0067 0.8060
1492 0.0067 0.8060
1493 0.0067 0.8070
1494 0.0067 0.8070
1495 0.0067 0.8060
1496 0.0067 0.8060
1497 0.0067 0.8070
1498 0.0067 0.8060
1499 0.0067 0.8060
1500 0.0067 0.8060
1501 0.0067 0.8070
1502 0.0067 0.8070
1503 0.0067 0.8060
1504 0.0067 0.8060
1505 0.0067 0.8060
1506 0.0067 0.8060
1507 0.0067 0.8060
1508 0.0067 0.8060
1509 0.0067 0.8060
1510 0.0067 0.8070
1511 0.0067 0.8070
1512 0.0067 0.8070
1513 0.0067 0.8060
1514 0.0067 0.8060
1515 0.0067 0.8060
1516 0.0067 0.8060
1517 0.0067 0.8060
1518 0.0067 0.8060
1519 0.0067 0.8060
1520 0.0067 0.8070
1521 0.0067 0.8070
1522 0.0067 0.8070
1523 0.0067 0.8060
1524 0.0067 0.8060
1525 0.0067 0.8060
1526 0.0067 0.8060
1527 0.0067 0.8060
1528 0.0067 0.8060
1529 0.0067 0.8070
1530 0.0067 0.8070
1531 0.0067 0.8060
1532 0.0067 0.8060
1533 0.0067 0.8060
1534 0.0067 0.8060
1535 0.0067 0.8060
1536 0.0067 0.8060
1537 0.0067 0.8060
1538 0.0067 0.8060
1539 0.0067 0.8060
1540 0.0067 0.8060
1541 0.0067 0.8060
1542 0.0067 0.8060
1543 0.0067 0.8060
1544 0.0067 0.8060
1545 0.0067 0.8060
1546 0.0067 0.8060
1547 0.0067 0.8060
1548 0.0067 0.8060
1549 0.0067 0.8060
1550 0.0067 0.8060
1551 0.0067 0.8060
1552 0.0067 0.8060
1553 0.0067 0.8060
1554 0.0067 0.8060
1555 0.0067 0.8060
1556 0.0067 0.8060
1557 0.0067 0.8060
1558 0.0067 0.8060
1559 0.0067 0.8060
1560 0.0067 0.8060
1561 0.0067 0.8060
1562 0.0067 0.8060
1563 0.0067 0.8060
1564 0.0067 0.8060
1565 0.0067 0.8060
1566 0.0067 0.8060
1567 0.0067 0.8060
1568 0.0067 0.8060
1569 0.0067 0.8060
1570 0.0067 0.8060
1571 0.0067 0.8060
1572 0.0067 0.8060
1573 0.0067 0.8060
1574 0.0067 0.8060
1575 0.0067 0.8060
1576 0.0067 0.8060
1577 0.0067 0.8060
1578 0.0067 0.8060
1579 0.0067 0.8060
1580 0.0067 0.8060
1581 0.0067 0.8060
1582 0.0067 0.8060
1583 0.0067 0.8060
1584 0.0067 0.8060
1585 0.0067 0.8060
1586 0.0067 0.8060
1587 0.0067 0.8060
1588 0.0067 0.8060
1589 0.0067 0.8060
1590 0.0067 0.8060
1591 0.0067 0.8060
1592 0.0067 0.8060
1593 0.0067 0.8060
1594 0.0067 0.8060
1595 0.0067 0.8060
1596 0.0067 0.8060
1597 0.0067 0.8060
1598 0.0067 0.8060
1599 0.0067 0.8060
1600 0.0067 0.8060
1601 0.0067 0.8060
1602 0.0067 0.8060
1603 0.0067 0.8060
1604 0.0067 0.8060
1605 0.0067 0.8060
1606 0.0067 0.8060
1607 0.0067 0.8060
1608 0.0067 0.8060
1609 0.0067 0.8060
1610 0.0067 0.8060
1611 0.0067 0.8060
1612 0.0067 0.8060
1613 0.0067 0.8060
1614 0.0067 0.8060
1615 0.0067 0.8060
1616 0.0067 0.8060
1617 0.0067 0.8060
1618 0.0067 0.8060
1619 0.0067 0.8060
1620 0.0067 0.8060
1621 0.0067 0.8060
1622 0.0067 0.8060
1623 0.0067 0.8060
1624 0.0067 0.8060
1625 0.0067 0.8060
1626 0.0067 0.8060
1627 0.0067 0.8060
1628 0.0067 0.8060
1629 0.0067 0.8060
1630 0.0067 0.8060
1631 0.0067 0.8060
1632 0.0067 0.8060
1633 0.0067 0.8060
1634 0.0067 0.8060
1635 0.0067 0.8060
1636 0.0067 0.8060
1637 0.0067 0.8060
1638 0.0067 0.8060
1639 0.0067 0.8060
1640 0.0067 0.8060
1641 0.0067 0.8060
1642 0.0067 0.8060
1643 0.0067 0.8060
1644 0.0067 0.8060
1645 0.0067 0.8060
1646 0.0067 0.8060
1647 0.0067 0.8060
1648 0.0067 0.8060
1649 0.0067 0.8060
1650 0.0067 0.8060
1651 0.0067 0.8060
1652 0.0067 0.8060
1653 0.0067 0.8060
1654 0.0067 0.8060
1655 0.0067 0.8060
1656 0.0067 0.8060
1657 0.0067 0.8060
1658 0.0067 0.8060
1659 0.0067 0.8060
1660 0.0067 0.8060
1661 0.0067 0.8060
1662 0.0067 0.8060
1663 0.0067 0.8060
1664 0.0067 0.8060
1665 0.0067 0.8060
1666 0.0067 0.8060
1667 0.0067 0.8060
1668 0.0067 0.8060
1669 0.0067 0.8060
1670 0.0067 0.8060
1671 0.0067 0.8060
1672 0.0067 0.8060
1673 0.0067 0.8060
1674 0.0067 0.8060
1675 0.0067 0.8060
1676 0.0067 0.8060
1677 0.0067 0.8060
1678 0.0067 0.8060
1679 0.0067 0.8060
1680 0.0067 0.8060
1681 0.0067 0.8060
1682 0.0067 0.8060
1683 0.0067 0.8060
1684 0.0067 0.8060
1685 0.0067 0.8060
1686 0.0067 0.8060
1687 0.0067 0.8060
1688 0.0067 0.8060
1689 0.0067 0.8060
1690 0.0067 0.8060
1691 0.0067 0.8060
1692 0.0067 0.8060
1693 0.0067 0.8060
1694 0.0067 0.8060
1695 0.0067 0.8060
1696 0.0067 0.8060
1697 0.0067 0.8060
1698 0.0067 0.8060
1699 0.0067 0.8060
1700 0.0067 0.8060
1701 0.0067 0.8060
1702 0.0067 0.8060
1703 0.0067 0.8060
1704 0.0067 0.8060
1705 0.0067 0.8060
1706 0.0067 0.8060
1707 0.0067 0.8060
1708 0.0067 0.8060
1709 0.0067 0.8060
1710 0.0067 0.8060
1711 0.0067 0.8060
1712 0.0067 0.8060
1713 0.0067 0.8060
1714 0.0067 0.8060
1715 0.0067 0.8060
1716 0.0067 0.8060
1717 0.0067 0.8060
1718 0.0067 0.8060
1719 0.0067 0.8060
1720 0.0067 0.8060
1721 0.0067 0.8060
1722 0.0067 0.8060
1723 0.0067 0.8060
1724 0.0067 0.8060
1725 0.0067 0.8060
1726 0.0067 0.8060
1727 0.0067 0.8060
1728 0.0067 0.8060
1729 0.0067 0.8060
1730 0.0067 0.8060
1731 0.0067 0.8060
1732 0.0067 0.8060
1733 0.0067 0.8060
1734 0.0067 0.8060
1735 0.0067 0.8060
1736 0.0067 0.8060
1737 0.0067 0.8060
1738 0.0067 0.8060
1739 0.0067 0.8060
1740 0.0067 0.8060
1741 0.0067 0.8060
1742 0.0067 0.8060
1743 0.0067 0.8060
1744 0.0067 0.8060
1745 0.0067 0.8060
1746 0.0067 0.8060
1747 0.0067 0.8060
1748 0.0067 0.8060
1749 0.0067 0.8060
1750 0.0067 0.8060
1751 0.0067 0.8060
1752 0.0067 0.8060
1753 0.0067 0.8060
1754 0.0067 0.8060
1755 0.0067 0.8060
1756 0.0067 0.8060
1757 0.0067 0.8060
1758 0.0067 0.8060
1759 0.0067 0.8060
1760 0.0067 0.8060
1761 0.0067 0.8060
1762 0.0067 0.8060
1763 0.0067 0.8060
1764 0.0067 0.8060
1765 0.0067 0.8060
1766 0.0067 0.8060
1767 0.0067 0.8060
1768 0.0067 0.8060
1769 0.0067 0.8060
1770 0.0067 0.8060
1771 0.0067 0.8060
1772 0.0067 0.8060
1773 0.0067 0.8060
1774 0.0067 0.8060
1775 0.0067 0.8060
1776 0.0067 0.8060
1777 0.0067 0.8060
1778 0.0067 0.8060
1779 0.0067 0.8060
1780 0.0067 0.8060
1781 0.0067 0.8060
1782 0.0067 0.8060
1783 0.0067 0.8060
1784 0.0067 0.8060
1785 0.0067 0.8060
1786 0.0067 0.8060
1787 0.0067 0.8060
1788 0.0067 0.8060
1789 0.0067 0.8060
1790 0.0067 0.8060
1791 0.0067 0.8060
1792 0.0067 0.8060
1793 0.0067 0.8060
1794 0.0067 0.8060
1795 0.0067 0.8060
1796 0.0067 0.8060
1797 0.0067 0.8060
1798 0.0067 0.8060
1799 0.0067 0.8060
1800 0.0067 0.8060
1801 0.0067 0.8060
1802 0.0067 0.8060
1803 0.0067 0.8060
1804 0.0067 0.8060
1805 0.0067 0.8060
1806 0.0067 0.8060
1807 0.0067 0.8060
1808 0.0067 0.8060
1809 0.0067 0.8060
1810 0.0067 0.8060
1811 0.0067 0.8060
1812 0.0067 0.8060
1813 0.0067 0.8060
1814 0.0067 0.8060
1815 0.0067 0.8060
1816 0.0067 0.8060
1817 0.0067 0.8060
1818 0.0067 0.8060
1819 0.0067 0.8060
1820 0.0067 0.8060
1821 0.0067 0.8060
1822 0.0067 0.8060
1823 0.0067 0.8060
1824 0.0067 0.8060
1825 0.0067 0.8060
1826 0.0067 0.8060
1827 0.0067 0.8060
1828 0.0067 0.8060
1829 0.0067 0.8060
1830 0.0067 0.8070
1831 0.0067 0.8070
1832 0.0067 0.8060
1833 0.0067 0.8060
1834 0.0067 0.8060
1835 0.0067 0.8060
1836 0.0067 0.8070
1837 0.0067 0.8070
1838 0.0067 0.8070
1839 0.0067 0.8060
1840 0.0067 0.8060
1841 0.0067 0.8060
1842 0.0067 0.8060
1843 0.0067 0.8060
1844 0.0067 0.8060
1845 0.0067 0.8060
1846 0.0067 0.8060
1847 0.0067 0.8060
1848 0.0067 0.8070
1849 0.0067 0.8060
1850 0.0067 0.8060
1851 0.0067 0.8060
1852 0.0067 0.8070
1853 0.0067 0.8070
1854 0.0067 0.8060
1855 0.0067 0.8060
1856 0.0067 0.8060
1857 0.0067 0.8060
1858 0.0067 0.8060
1859 0.0067 0.8060
1860 0.0067 0.8060
1861 0.0067 0.8060
1862 0.0067 0.8060
1863 0.0067 0.8060
1864 0.0067 0.8060
1865 0.0067 0.8060
1866 0.0067 0.8060
1867 0.0067 0.8060
1868 0.0067 0.8070
1869 0.0067 0.8070
1870 0.0067 0.8070
1871 0.0067 0.8060
1872 0.0067 0.8060
1873 0.0067 0.8060
1874 0.0067 0.8060
1875 0.0067 0.8060
1876 0.0067 0.8070
1877 0.0067 0.8070
1878 0.0067 0.8060
1879 0.0067 0.8060
1880 0.0067 0.8060
1881 0.0067 0.8060
1882 0.0067 0.8060
1883 0.0067 0.8060
1884 0.0067 0.8070
1885 0.0067 0.8070
1886 0.0067 0.8060
1887 0.0067 0.8060
1888 0.0067 0.8060
1889 0.0067 0.8060
1890 0.0067 0.8070
1891 0.0067 0.8070
1892 0.0067 0.8070
1893 0.0067 0.8070
1894 0.0067 0.8060
1895 0.0067 0.8060
1896 0.0067 0.8060
1897 0.0067 0.8070
1898 0.0067 0.8070
1899 0.0067 0.8070
1900 0.0067 0.8060
1901 0.0067 0.8060
1902 0.0067 0.8070
1903 0.0067 0.8070
1904 0.0067 0.8070
1905 0.0067 0.8070
1906 0.0067 0.8060
1907 0.0067 0.8060
1908 0.0067 0.8060
1909 0.0067 0.8070
1910 0.0067 0.8070
1911 0.0067 0.8060
1912 0.0067 0.8060
1913 0.0067 0.8060
1914 0.0067 0.8060
1915 0.0067 0.8060
1916 0.0067 0.8070
1917 0.0067 0.8070
1918 0.0067 0.8070
1919 0.0067 0.8060
1920 0.0067 0.8060
1921 0.0067 0.8060
1922 0.0067 0.8070
1923 0.0067 0.8070
1924 0.0067 0.8060
1925 0.0067 0.8060
1926 0.0067 0.8070
1927 0.0067 0.8070
1928 0.0067 0.8070
1929 0.0067 0.8060
1930 0.0067 0.8060
1931 0.0067 0.8060
1932 0.0067 0.8070
1933 0.0067 0.8070
1934 0.0067 0.8070
1935 0.0067 0.8070
1936 0.0067 0.8070
1937 0.0067 0.8070
1938 0.0067 0.8070
1939 0.0067 0.8060
1940 0.0067 0.8060
1941 0.0067 0.8060
1942 0.0067 0.8070
1943 0.0067 0.8070
1944 0.0067 0.8070
1945 0.0067 0.8070
1946 0.0067 0.8070
1947 0.0067 0.8070
1948 0.0067 0.8070
1949 0.0067 0.8060
1950 0.0067 0.8060
1951 0.0067 0.8070
1952 0.0067 0.8070
1953 0.0067 0.8070
1954 0.0067 0.8070
1955 0.0067 0.8060
1956 0.0067 0.8060
1957 0.0067 0.8070
1958 0.0067 0.8070
1959 0.0067 0.8060
1960 0.0067 0.8060
1961 0.0067 0.8070
1962 0.0067 0.8070
1963 0.0067 0.8070
1964 0.0067 0.8060
1965 0.0067 0.8070
1966 0.0067 0.8070
1967 0.0067 0.8060
1968 0.0067 0.8060
1969 0.0067 0.8060
1970 0.0067 0.8070
1971 0.0067 0.8070
1972 0.0067 0.8070
1973 0.0067 0.8070
1974 0.0067 0.8060
1975 0.0067 0.8070
1976 0.0067 0.8070
1977 0.0067 0.8070
1978 0.0067 0.8070
1979 0.0067 0.8070
1980 0.0067 0.8060
1981 0.0067 0.8060
1982 0.0067 0.8070
1983 0.0067 0.8070
1984 0.0067 0.8070
1985 0.0067 0.8070
1986 0.0067 0.8070
1987 0.0067 0.8070
1988 0.0067 0.8060
1989 0.0067 0.8060
1990 0.0067 0.8060
1991 0.0067 0.8060
1992 0.0067 0.8070
1993 0.0067 0.8070
1994 0.0067 0.8070
1995 0.0067 0.8070
1996 0.0067 0.8070
1997 0.0067 0.8070
1998 0.0067 0.8070
1999 0.0067 0.8070
