00 1.0997 0.5400
01 1.0883 0.6360
02 1.0751 0.6470
03 1.0585 0.6630
04 1.0400 0.6670
05 1.0194 0.6800
06 0.9978 0.6910
07 0.9758 0.7010
08 0.9529 0.7020
09 0.9291 0.7050
10 0.9043 0.7190
11 0.8789 0.7240
12 0.8530 0.7290
13 0.8266 0.7300
14 0.8000 0.7360
15 0.7731 0.7370
16 0.7462 0.7360
17 0.7192 0.7430
18 0.6924 0.7470
19 0.6656 0.7500
20 0.6390 0.7510
21 0.6126 0.7510
22 0.5867 0.7490
23 0.5615 0.7500
24 0.5369 0.7500
25 0.5129 0.7500
26 0.4896 0.7520
27 0.4670 0.7530
28 0.4452 0.7560
29 0.4242 0.7550
30 0.4041 0.7540
31 0.3848 0.7550
32 0.3663 0.7550
33 0.3488 0.7550
34 0.3320 0.7560
35 0.3161 0.7590
36 0.3011 0.7580
37 0.2869 0.7610
38 0.2735 0.7650
39 0.2609 0.7640
40 0.2490 0.7630
41 0.2379 0.7660
42 0.2275 0.7690
43 0.2177 0.7690
44 0.2086 0.7670
45 0.2001 0.7690
46 0.1922 0.7720
47 0.1848 0.7700
48 0.1779 0.7700
49 0.1715 0.7710
50 0.1656 0.7740
51 0.1600 0.7730
52 0.1549 0.7730
53 0.1502 0.7730
54 0.1458 0.7720
55 0.1417 0.7750
56 0.1379 0.7750
57 0.1344 0.7750
58 0.1311 0.7750
59 0.1281 0.7760
60 0.1253 0.7750
61 0.1227 0.7740
62 0.1203 0.7740
63 0.1180 0.7740
64 0.1159 0.7750
65 0.1140 0.7750
66 0.1122 0.7760
67 0.1104 0.7740
68 0.1088 0.7750
69 0.1073 0.7760
70 0.1058 0.7770
71 0.1045 0.7780
72 0.1032 0.7790
73 0.1019 0.7780
74 0.1008 0.7790
75 0.0996 0.7790
76 0.0985 0.7800
77 0.0975 0.7800
78 0.0965 0.7810
79 0.0955 0.7810
80 0.0945 0.7820
81 0.0936 0.7810
82 0.0927 0.7820
83 0.0918 0.7820
84 0.0909 0.7800
85 0.0901 0.7800
86 0.0893 0.7800
87 0.0884 0.7810
88 0.0876 0.7810
89 0.0868 0.7810
90 0.0860 0.7830
91 0.0853 0.7850
92 0.0845 0.7860
93 0.0838 0.7850
94 0.0831 0.7860
95 0.0823 0.7880
96 0.0816 0.7870
97 0.0809 0.7890
98 0.0803 0.7890
99 0.0796 0.7880
100 0.0790 0.7870
101 0.0783 0.7870
102 0.0777 0.7860
103 0.0771 0.7860
104 0.0765 0.7870
105 0.0759 0.7880
106 0.0753 0.7880
107 0.0747 0.7880
108 0.0742 0.7880
109 0.0736 0.7880
110 0.0731 0.7880
111 0.0726 0.7870
112 0.0721 0.7880
113 0.0716 0.7870
114 0.0711 0.7880
115 0.0706 0.7880
116 0.0701 0.7880
117 0.0697 0.7870
118 0.0692 0.7880
119 0.0688 0.7890
120 0.0683 0.7890
121 0.0679 0.7900
122 0.0675 0.7900
123 0.0671 0.7900
124 0.0667 0.7880
125 0.0663 0.7890
126 0.0659 0.7870
127 0.0655 0.7860
128 0.0651 0.7860
129 0.0647 0.7850
130 0.0644 0.7850
131 0.0640 0.7850
132 0.0637 0.7870
133 0.0633 0.7870
134 0.0630 0.7880
135 0.0626 0.7870
136 0.0623 0.7870
137 0.0620 0.7870
138 0.0616 0.7880
139 0.0613 0.7890
140 0.0610 0.7890
141 0.0607 0.7880
142 0.0604 0.7870
143 0.0601 0.7870
144 0.0598 0.7870
145 0.0595 0.7880
146 0.0592 0.7870
147 0.0590 0.7860
148 0.0587 0.7860
149 0.0584 0.7860
150 0.0581 0.7860
151 0.0579 0.7860
152 0.0576 0.7860
153 0.0573 0.7860
154 0.0571 0.7860
155 0.0568 0.7860
156 0.0566 0.7860
157 0.0563 0.7860
158 0.0561 0.7870
159 0.0558 0.7870
160 0.0556 0.7860
161 0.0553 0.7860
162 0.0551 0.7870
163 0.0549 0.7870
164 0.0547 0.7870
165 0.0544 0.7870
166 0.0542 0.7860
167 0.0540 0.7860
168 0.0538 0.7880
169 0.0536 0.7890
170 0.0533 0.7890
171 0.0531 0.7890
172 0.0529 0.7890
173 0.0527 0.7890
174 0.0525 0.7880
175 0.0523 0.7880
176 0.0521 0.7890
177 0.0519 0.7890
178 0.0517 0.7890
179 0.0515 0.7890
180 0.0514 0.7890
181 0.0512 0.7880
182 0.0510 0.7890
183 0.0508 0.7890
184 0.0506 0.7900
185 0.0504 0.7890
186 0.0503 0.7890
187 0.0501 0.7890
188 0.0499 0.7890
189 0.0497 0.7890
190 0.0496 0.7890
191 0.0494 0.7890
192 0.0492 0.7890
193 0.0491 0.7890
194 0.0489 0.7890
195 0.0487 0.7890
196 0.0486 0.7890
197 0.0484 0.7890
198 0.0483 0.7900
199 0.0481 0.7900
200 0.0480 0.7900
201 0.0478 0.7900
202 0.0477 0.7900
203 0.0475 0.7900
204 0.0474 0.7900
205 0.0472 0.7890
206 0.0471 0.7890
207 0.0469 0.7900
208 0.0468 0.7900
209 0.0467 0.7890
210 0.0465 0.7890
211 0.0464 0.7890
212 0.0462 0.7890
213 0.0461 0.7890
214 0.0460 0.7900
215 0.0458 0.7890
216 0.0457 0.7890
217 0.0456 0.7890
218 0.0454 0.7890
219 0.0453 0.7890
220 0.0452 0.7890
221 0.0451 0.7890
222 0.0449 0.7890
223 0.0448 0.7890
224 0.0447 0.7890
225 0.0446 0.7890
226 0.0445 0.7890
227 0.0443 0.7900
228 0.0442 0.7900
229 0.0441 0.7900
230 0.0440 0.7900
231 0.0439 0.7900
232 0.0438 0.7900
233 0.0436 0.7900
234 0.0435 0.7900
235 0.0434 0.7900
236 0.0433 0.7900
237 0.0432 0.7900
238 0.0431 0.7900
239 0.0430 0.7900
240 0.0429 0.7900
241 0.0428 0.7920
242 0.0427 0.7920
243 0.0426 0.7920
244 0.0425 0.7920
245 0.0424 0.7900
246 0.0423 0.7900
247 0.0422 0.7910
248 0.0421 0.7910
249 0.0420 0.7910
250 0.0419 0.7910
251 0.0418 0.7900
252 0.0417 0.7900
253 0.0416 0.7910
254 0.0415 0.7910
255 0.0414 0.7910
256 0.0413 0.7910
257 0.0412 0.7910
258 0.0411 0.7900
259 0.0410 0.7910
260 0.0409 0.7900
261 0.0408 0.7900
262 0.0408 0.7900
263 0.0407 0.7900
264 0.0406 0.7900
265 0.0405 0.7900
266 0.0404 0.7900
267 0.0403 0.7900
268 0.0402 0.7900
269 0.0402 0.7900
270 0.0401 0.7900
271 0.0400 0.7900
272 0.0399 0.7900
273 0.0398 0.7900
274 0.0397 0.7900
275 0.0397 0.7900
276 0.0396 0.7900
277 0.0395 0.7900
278 0.0394 0.7900
279 0.0393 0.7900
280 0.0393 0.7900
281 0.0392 0.7900
282 0.0391 0.7900
283 0.0390 0.7900
284 0.0390 0.7900
285 0.0389 0.7900
286 0.0388 0.7900
287 0.0387 0.7900
288 0.0387 0.7900
289 0.0386 0.7900
290 0.0385 0.7900
291 0.0384 0.7900
292 0.0384 0.7900
293 0.0383 0.7900
294 0.0382 0.7900
295 0.0382 0.7900
296 0.0381 0.7900
297 0.0380 0.7900
298 0.0380 0.7900
299 0.0379 0.7900
300 0.0378 0.7900
301 0.0378 0.7900
302 0.0377 0.7900
303 0.0376 0.7900
304 0.0376 0.7900
305 0.0375 0.7900
306 0.0374 0.7900
307 0.0374 0.7900
308 0.0373 0.7910
309 0.0372 0.7900
310 0.0372 0.7900
311 0.0371 0.7900
312 0.0371 0.7910
313 0.0370 0.7900
314 0.0369 0.7900
315 0.0369 0.7900
316 0.0368 0.7910
317 0.0368 0.7910
318 0.0367 0.7900
319 0.0366 0.7900
320 0.0366 0.7890
321 0.0365 0.7900
322 0.0365 0.7900
323 0.0364 0.7900
324 0.0363 0.7890
325 0.0363 0.7900
326 0.0362 0.7900
327 0.0362 0.7900
328 0.0361 0.7900
329 0.0361 0.7890
330 0.0360 0.7900
331 0.0360 0.7900
332 0.0359 0.7900
333 0.0359 0.7900
334 0.0358 0.7900
335 0.0357 0.7900
336 0.0357 0.7900
337 0.0356 0.7900
338 0.0356 0.7900
339 0.0355 0.7900
340 0.0355 0.7900
341 0.0354 0.7900
342 0.0354 0.7900
343 0.0353 0.7900
344 0.0353 0.7900
345 0.0352 0.7900
346 0.0352 0.7900
347 0.0351 0.7900
348 0.0351 0.7900
349 0.0350 0.7900
350 0.0350 0.7900
351 0.0349 0.7900
352 0.0349 0.7900
353 0.0349 0.7900
354 0.0348 0.7900
355 0.0348 0.7900
356 0.0347 0.7900
357 0.0347 0.7900
358 0.0346 0.7900
359 0.0346 0.7900
360 0.0345 0.7900
361 0.0345 0.7900
362 0.0344 0.7900
363 0.0344 0.7900
364 0.0344 0.7900
365 0.0343 0.7900
366 0.0343 0.7900
367 0.0342 0.7900
368 0.0342 0.7900
369 0.0341 0.7900
370 0.0341 0.7900
371 0.0341 0.7900
372 0.0340 0.7900
373 0.0340 0.7900
374 0.0339 0.7900
375 0.0339 0.7900
376 0.0338 0.7900
377 0.0338 0.7900
378 0.0338 0.7900
379 0.0337 0.7900
380 0.0337 0.7900
381 0.0336 0.7900
382 0.0336 0.7900
383 0.0336 0.7900
384 0.0335 0.7900
385 0.0335 0.7900
386 0.0335 0.7900
387 0.0334 0.7900
388 0.0334 0.7900
389 0.0333 0.7900
390 0.0333 0.7900
391 0.0333 0.7900
392 0.0332 0.7900
393 0.0332 0.7900
394 0.0331 0.7900
395 0.0331 0.7900
396 0.0331 0.7900
397 0.0330 0.7900
398 0.0330 0.7900
399 0.0330 0.7900
400 0.0329 0.7900
401 0.0329 0.7900
402 0.0329 0.7900
403 0.0328 0.7900
404 0.0328 0.7900
405 0.0328 0.7900
406 0.0327 0.7900
407 0.0327 0.7900
408 0.0327 0.7900
409 0.0326 0.7900
410 0.0326 0.7900
411 0.0326 0.7900
412 0.0325 0.7900
413 0.0325 0.7900
414 0.0325 0.7900
415 0.0324 0.7900
416 0.0324 0.7900
417 0.0324 0.7900
418 0.0323 0.7900
419 0.0323 0.7900
420 0.0323 0.7900
421 0.0322 0.7900
422 0.0322 0.7900
423 0.0322 0.7900
424 0.0321 0.7900
425 0.0321 0.7900
426 0.0321 0.7900
427 0.0321 0.7900
428 0.0320 0.7900
429 0.0320 0.7900
430 0.0320 0.7900
431 0.0319 0.7900
432 0.0319 0.7900
433 0.0319 0.7900
434 0.0318 0.7900
435 0.0318 0.7900
436 0.0318 0.7900
437 0.0318 0.7900
438 0.0317 0.7900
439 0.0317 0.7900
440 0.0317 0.7900
441 0.0317 0.7900
442 0.0316 0.7900
443 0.0316 0.7900
444 0.0316 0.7900
445 0.0315 0.7900
446 0.0315 0.7900
447 0.0315 0.7900
448 0.0315 0.7900
449 0.0314 0.7890
450 0.0314 0.7900
451 0.0314 0.7900
452 0.0314 0.7890
453 0.0313 0.7890
454 0.0313 0.7880
455 0.0313 0.7890
456 0.0312 0.7880
457 0.0312 0.7890
458 0.0312 0.7890
459 0.0312 0.7890
460 0.0311 0.7890
461 0.0311 0.7890
462 0.0311 0.7870
463 0.0311 0.7880
464 0.0311 0.7870
465 0.0310 0.7870
466 0.0310 0.7880
467 0.0310 0.7890
468 0.0309 0.7880
469 0.0309 0.7870
470 0.0309 0.7880
471 0.0309 0.7870
472 0.0308 0.7880
473 0.0308 0.7870
474 0.0308 0.7870
475 0.0308 0.7870
476 0.0308 0.7870
477 0.0307 0.7880
478 0.0307 0.7870
479 0.0307 0.7880
480 0.0307 0.7870
481 0.0306 0.7870
482 0.0306 0.7870
483 0.0306 0.7870
484 0.0306 0.7870
485 0.0306 0.7870
486 0.0305 0.7870
487 0.0305 0.7870
488 0.0305 0.7870
489 0.0305 0.7870
490 0.0304 0.7870
491 0.0304 0.7870
492 0.0304 0.7870
493 0.0304 0.7870
494 0.0304 0.7870
495 0.0303 0.7870
496 0.0303 0.7870
497 0.0303 0.7870
498 0.0303 0.7870
499 0.0303 0.7870
500 0.0302 0.7870
501 0.0302 0.7870
502 0.0302 0.7870
503 0.0302 0.7870
504 0.0302 0.7870
505 0.0301 0.7870
506 0.0301 0.7870
507 0.0301 0.7870
508 0.0301 0.7870
509 0.0301 0.7870
510 0.0300 0.7870
511 0.0300 0.7870
512 0.0300 0.7870
513 0.0300 0.7870
514 0.0300 0.7860
515 0.0299 0.7870
516 0.0299 0.7870
517 0.0299 0.7860
518 0.0299 0.7870
519 0.0299 0.7870
520 0.0299 0.7870
521 0.0298 0.7870
522 0.0298 0.7870
523 0.0298 0.7870
524 0.0298 0.7870
525 0.0298 0.7870
526 0.0297 0.7870
527 0.0297 0.7860
528 0.0297 0.7870
529 0.0297 0.7870
530 0.0297 0.7850
531 0.0297 0.7850
532 0.0296 0.7870
533 0.0296 0.7870
534 0.0296 0.7870
535 0.0296 0.7860
536 0.0296 0.7870
537 0.0296 0.7870
538 0.0295 0.7850
539 0.0295 0.7860
540 0.0295 0.7860
541 0.0295 0.7870
542 0.0295 0.7860
543 0.0295 0.7860
544 0.0294 0.7860
545 0.0294 0.7860
546 0.0294 0.7860
547 0.0294 0.7860
548 0.0294 0.7870
549 0.0294 0.7860
550 0.0293 0.7860
551 0.0293 0.7860
552 0.0293 0.7860
553 0.0293 0.7850
554 0.0293 0.7850
555 0.0293 0.7860
556 0.0292 0.7860
557 0.0292 0.7870
558 0.0292 0.7860
559 0.0292 0.7860
560 0.0292 0.7860
561 0.0292 0.7850
562 0.0292 0.7860
563 0.0291 0.7860
564 0.0291 0.7860
565 0.0291 0.7860
566 0.0291 0.7860
567 0.0291 0.7860
568 0.0291 0.7860
569 0.0291 0.7850
570 0.0290 0.7860
571 0.0290 0.7850
572 0.0290 0.7850
573 0.0290 0.7860
574 0.0290 0.7860
575 0.0290 0.7860
576 0.0290 0.7850
577 0.0289 0.7850
578 0.0289 0.7850
579 0.0289 0.7860
580 0.0289 0.7850
581 0.0289 0.7860
582 0.0289 0.7870
583 0.0289 0.7860
584 0.0288 0.7860
585 0.0288 0.7860
586 0.0288 0.7870
587 0.0288 0.7860
588 0.0288 0.7850
589 0.0288 0.7860
590 0.0288 0.7860
591 0.0288 0.7870
592 0.0287 0.7850
593 0.0287 0.7870
594 0.0287 0.7860
595 0.0287 0.7870
596 0.0287 0.7860
597 0.0287 0.7860
598 0.0287 0.7860
599 0.0287 0.7860
600 0.0286 0.7850
601 0.0286 0.7860
602 0.0286 0.7860
603 0.0286 0.7860
604 0.0286 0.7860
605 0.0286 0.7860
606 0.0286 0.7860
607 0.0286 0.7860
608 0.0286 0.7850
609 0.0285 0.7860
610 0.0285 0.7870
611 0.0285 0.7860
612 0.0285 0.7860
613 0.0285 0.7860
614 0.0285 0.7860
615 0.0285 0.7850
616 0.0285 0.7860
617 0.0284 0.7860
618 0.0284 0.7860
619 0.0284 0.7850
620 0.0284 0.7860
621 0.0284 0.7870
622 0.0284 0.7860
623 0.0284 0.7860
624 0.0284 0.7860
625 0.0284 0.7860
626 0.0283 0.7850
627 0.0283 0.7860
628 0.0283 0.7860
629 0.0283 0.7870
630 0.0283 0.7850
631 0.0283 0.7860
632 0.0283 0.7860
633 0.0283 0.7860
634 0.0283 0.7850
635 0.0282 0.7860
636 0.0282 0.7870
637 0.0282 0.7860
638 0.0282 0.7860
639 0.0282 0.7860
640 0.0282 0.7860
641 0.0282 0.7860
642 0.0282 0.7860
643 0.0282 0.7860
644 0.0282 0.7860
645 0.0282 0.7860
646 0.0281 0.7860
647 0.0281 0.7860
648 0.0281 0.7860
649 0.0281 0.7860
650 0.0281 0.7860
651 0.0281 0.7860
652 0.0281 0.7860
653 0.0281 0.7860
654 0.0281 0.7860
655 0.0280 0.7860
656 0.0280 0.7860
657 0.0280 0.7860
658 0.0280 0.7860
659 0.0280 0.7860
660 0.0280 0.7870
661 0.0280 0.7860
662 0.0280 0.7860
663 0.0280 0.7860
664 0.0280 0.7880
665 0.0280 0.7860
666 0.0280 0.7860
667 0.0279 0.7860
668 0.0279 0.7860
669 0.0279 0.7860
670 0.0279 0.7860
671 0.0279 0.7860
672 0.0279 0.7860
673 0.0279 0.7860
674 0.0279 0.7860
675 0.0279 0.7860
676 0.0279 0.7860
677 0.0278 0.7860
678 0.0278 0.7860
679 0.0278 0.7860
680 0.0278 0.7860
681 0.0278 0.7860
682 0.0278 0.7860
683 0.0278 0.7860
684 0.0278 0.7860
685 0.0278 0.7860
686 0.0278 0.7860
687 0.0278 0.7860
688 0.0278 0.7860
689 0.0277 0.7860
690 0.0277 0.7860
691 0.0277 0.7860
692 0.0277 0.7860
693 0.0277 0.7860
694 0.0277 0.7860
695 0.0277 0.7860
696 0.0277 0.7860
697 0.0277 0.7860
698 0.0277 0.7860
699 0.0277 0.7860
700 0.0277 0.7860
701 0.0276 0.7860
702 0.0276 0.7860
703 0.0276 0.7870
704 0.0276 0.7860
705 0.0276 0.7860
706 0.0276 0.7860
707 0.0276 0.7860
708 0.0276 0.7860
709 0.0276 0.7860
710 0.0276 0.7870
711 0.0276 0.7860
712 0.0276 0.7860
713 0.0276 0.7870
714 0.0276 0.7860
715 0.0275 0.7860
716 0.0275 0.7860
717 0.0275 0.7860
718 0.0275 0.7860
719 0.0275 0.7870
720 0.0275 0.7870
721 0.0275 0.7860
722 0.0275 0.7870
723 0.0275 0.7870
724 0.0275 0.7860
725 0.0275 0.7860
726 0.0275 0.7860
727 0.0275 0.7860
728 0.0274 0.7860
729 0.0274 0.7860
730 0.0274 0.7870
731 0.0274 0.7860
732 0.0274 0.7860
733 0.0274 0.7870
734 0.0274 0.7870
735 0.0274 0.7860
736 0.0274 0.7860
737 0.0274 0.7860
738 0.0274 0.7860
739 0.0274 0.7870
740 0.0274 0.7870
741 0.0274 0.7860
742 0.0274 0.7870
743 0.0273 0.7870
744 0.0273 0.7860
745 0.0273 0.7870
746 0.0273 0.7860
747 0.0273 0.7860
748 0.0273 0.7860
749 0.0273 0.7870
750 0.0273 0.7860
751 0.0273 0.7860
752 0.0273 0.7870
753 0.0273 0.7870
754 0.0273 0.7860
755 0.0273 0.7870
756 0.0273 0.7870
757 0.0273 0.7860
758 0.0272 0.7860
759 0.0272 0.7870
760 0.0272 0.7860
761 0.0272 0.7860
762 0.0272 0.7870
763 0.0272 0.7870
764 0.0272 0.7860
765 0.0272 0.7870
766 0.0272 0.7870
767 0.0272 0.7860
768 0.0272 0.7860
769 0.0272 0.7860
770 0.0272 0.7870
771 0.0272 0.7870
772 0.0272 0.7860
773 0.0272 0.7870
774 0.0271 0.7870
775 0.0271 0.7860
776 0.0271 0.7860
777 0.0271 0.7870
778 0.0271 0.7860
779 0.0271 0.7860
780 0.0271 0.7870
781 0.0271 0.7870
782 0.0271 0.7850
783 0.0271 0.7870
784 0.0271 0.7880
785 0.0271 0.7860
786 0.0271 0.7860
787 0.0271 0.7870
788 0.0271 0.7870
789 0.0271 0.7860
790 0.0271 0.7870
791 0.0271 0.7870
792 0.0270 0.7860
793 0.0270 0.7870
794 0.0270 0.7870
795 0.0270 0.7870
796 0.0270 0.7870
797 0.0270 0.7870
798 0.0270 0.7870
799 0.0270 0.7870
800 0.0270 0.7870
801 0.0270 0.7860
802 0.0270 0.7870
803 0.0270 0.7870
804 0.0270 0.7870
805 0.0270 0.7870
806 0.0270 0.7860
807 0.0270 0.7870
808 0.0270 0.7870
809 0.0270 0.7860
810 0.0270 0.7860
811 0.0269 0.7870
812 0.0269 0.7870
813 0.0269 0.7870
814 0.0269 0.7860
815 0.0269 0.7870
816 0.0269 0.7870
817 0.0269 0.7870
818 0.0269 0.7870
819 0.0269 0.7870
820 0.0269 0.7860
821 0.0269 0.7870
822 0.0269 0.7860
823 0.0269 0.7870
824 0.0269 0.7870
825 0.0269 0.7860
826 0.0269 0.7870
827 0.0269 0.7870
828 0.0269 0.7860
829 0.0269 0.7870
830 0.0269 0.7870
831 0.0268 0.7860
832 0.0268 0.7870
833 0.0268 0.7870
834 0.0268 0.7870
835 0.0268 0.7870
836 0.0268 0.7870
837 0.0268 0.7870
838 0.0268 0.7860
839 0.0268 0.7870
840 0.0268 0.7870
841 0.0268 0.7860
842 0.0268 0.7870
843 0.0268 0.7870
844 0.0268 0.7870
845 0.0268 0.7870
846 0.0268 0.7870
847 0.0268 0.7850
848 0.0268 0.7870
849 0.0268 0.7870
850 0.0268 0.7870
851 0.0268 0.7870
852 0.0268 0.7870
853 0.0267 0.7870
854 0.0267 0.7870
855 0.0267 0.7870
856 0.0267 0.7850
857 0.0267 0.7870
858 0.0267 0.7870
859 0.0267 0.7870
860 0.0267 0.7870
861 0.0267 0.7870
862 0.0267 0.7850
863 0.0267 0.7870
864 0.0267 0.7870
865 0.0267 0.7850
866 0.0267 0.7870
867 0.0267 0.7850
868 0.0267 0.7850
869 0.0267 0.7870
870 0.0267 0.7870
871 0.0267 0.7870
872 0.0267 0.7870
873 0.0267 0.7870
874 0.0266 0.7860
875 0.0266 0.7850
876 0.0266 0.7870
877 0.0266 0.7850
878 0.0266 0.7870
879 0.0266 0.7870
880 0.0266 0.7870
881 0.0266 0.7870
882 0.0266 0.7870
883 0.0266 0.7870
884 0.0266 0.7870
885 0.0266 0.7860
886 0.0266 0.7860
887 0.0266 0.7870
888 0.0266 0.7870
889 0.0266 0.7870
890 0.0266 0.7870
891 0.0266 0.7870
892 0.0266 0.7850
893 0.0266 0.7870
894 0.0266 0.7870
895 0.0266 0.7860
896 0.0266 0.7870
897 0.0266 0.7860
898 0.0266 0.7860
899 0.0266 0.7870
900 0.0266 0.7870
901 0.0265 0.7860
902 0.0265 0.7860
903 0.0265 0.7860
904 0.0265 0.7850
905 0.0265 0.7870
906 0.0265 0.7870
907 0.0265 0.7870
908 0.0265 0.7870
909 0.0265 0.7870
910 0.0265 0.7860
911 0.0265 0.7860
912 0.0265 0.7860
913 0.0265 0.7860
914 0.0265 0.7860
915 0.0265 0.7870
916 0.0265 0.7860
917 0.0265 0.7860
918 0.0265 0.7870
919 0.0265 0.7850
920 0.0265 0.7850
921 0.0265 0.7870
922 0.0265 0.7850
923 0.0265 0.7860
924 0.0265 0.7870
925 0.0265 0.7860
926 0.0265 0.7860
927 0.0265 0.7870
928 0.0264 0.7870
929 0.0264 0.7860
930 0.0264 0.7860
931 0.0264 0.7860
932 0.0264 0.7860
933 0.0264 0.7860
934 0.0264 0.7860
935 0.0264 0.7870
936 0.0264 0.7860
937 0.0264 0.7860
938 0.0264 0.7870
939 0.0264 0.7860
940 0.0264 0.7860
941 0.0264 0.7860
942 0.0264 0.7860
943 0.0264 0.7860
944 0.0264 0.7860
945 0.0264 0.7870
946 0.0264 0.7860
947 0.0264 0.7860
948 0.0264 0.7870
949 0.0264 0.7860
950 0.0264 0.7860
951 0.0264 0.7870
952 0.0264 0.7860
953 0.0264 0.7860
954 0.0264 0.7870
955 0.0264 0.7860
956 0.0264 0.7850
957 0.0263 0.7870
958 0.0263 0.7870
959 0.0263 0.7850
960 0.0263 0.7860
961 0.0263 0.7860
962 0.0263 0.7860
963 0.0263 0.7860
964 0.0263 0.7860
965 0.0263 0.7860
966 0.0263 0.7860
967 0.0263 0.7860
968 0.0263 0.7860
969 0.0263 0.7860
970 0.0263 0.7860
971 0.0263 0.7860
972 0.0263 0.7860
973 0.0263 0.7870
974 0.0263 0.7860
975 0.0263 0.7860
976 0.0263 0.7870
977 0.0263 0.7860
978 0.0263 0.7850
979 0.0263 0.7860
980 0.0263 0.7860
981 0.0263 0.7860
982 0.0263 0.7870
983 0.0263 0.7860
984 0.0263 0.7860
985 0.0263 0.7860
986 0.0263 0.7860
987 0.0263 0.7850
988 0.0262 0.7860
989 0.0262 0.7860
990 0.0262 0.7860
991 0.0262 0.7860
992 0.0262 0.7860
993 0.0262 0.7850
994 0.0262 0.7860
995 0.0262 0.7860
996 0.0262 0.7860
997 0.0262 0.7860
998 0.0262 0.7860
999 0.0262 0.7850
1000 0.0262 0.7870
1001 0.0262 0.7860
1002 0.0262 0.7850
1003 0.0262 0.7860
1004 0.0262 0.7860
1005 0.0262 0.7860
1006 0.0262 0.7860
1007 0.0262 0.7860
1008 0.0262 0.7850
1009 0.0262 0.7870
1010 0.0262 0.7860
1011 0.0262 0.7860
1012 0.0262 0.7870
1013 0.0262 0.7860
1014 0.0262 0.7860
1015 0.0262 0.7860
1016 0.0262 0.7860
1017 0.0262 0.7860
1018 0.0262 0.7860
1019 0.0262 0.7860
1020 0.0262 0.7860
1021 0.0262 0.7860
1022 0.0262 0.7860
1023 0.0262 0.7860
1024 0.0261 0.7860
1025 0.0261 0.7860
1026 0.0261 0.7860
1027 0.0261 0.7840
1028 0.0261 0.7860
1029 0.0261 0.7860
1030 0.0261 0.7860
1031 0.0261 0.7860
1032 0.0261 0.7860
1033 0.0261 0.7860
1034 0.0261 0.7860
1035 0.0261 0.7860
1036 0.0261 0.7860
1037 0.0261 0.7860
1038 0.0261 0.7860
1039 0.0261 0.7860
1040 0.0261 0.7860
1041 0.0261 0.7860
1042 0.0261 0.7860
1043 0.0261 0.7860
1044 0.0261 0.7860
1045 0.0261 0.7860
1046 0.0261 0.7860
1047 0.0261 0.7860
1048 0.0261 0.7860
1049 0.0261 0.7860
1050 0.0261 0.7860
1051 0.0261 0.7860
1052 0.0261 0.7860
1053 0.0261 0.7860
1054 0.0261 0.7860
1055 0.0261 0.7860
1056 0.0261 0.7860
1057 0.0261 0.7860
1058 0.0261 0.7860
1059 0.0261 0.7860
1060 0.0261 0.7860
1061 0.0261 0.7860
1062 0.0261 0.7860
1063 0.0261 0.7860
1064 0.0260 0.7860
1065 0.0260 0.7860
1066 0.0260 0.7860
1067 0.0260 0.7860
1068 0.0260 0.7860
1069 0.0260 0.7860
1070 0.0260 0.7860
1071 0.0260 0.7860
1072 0.0260 0.7860
1073 0.0260 0.7860
1074 0.0260 0.7860
1075 0.0260 0.7860
1076 0.0260 0.7840
1077 0.0260 0.7860
1078 0.0260 0.7860
1079 0.0260 0.7850
1080 0.0260 0.7860
1081 0.0260 0.7860
1082 0.0260 0.7860
1083 0.0260 0.7860
1084 0.0260 0.7860
1085 0.0260 0.7850
1086 0.0260 0.7860
1087 0.0260 0.7860
1088 0.0260 0.7860
1089 0.0260 0.7860
1090 0.0260 0.7850
1091 0.0260 0.7860
1092 0.0260 0.7860
1093 0.0260 0.7850
1094 0.0260 0.7860
1095 0.0260 0.7860
1096 0.0260 0.7850
1097 0.0260 0.7860
1098 0.0260 0.7860
1099 0.0260 0.7850
1100 0.0260 0.7860
1101 0.0260 0.7860
1102 0.0260 0.7840
1103 0.0260 0.7860
1104 0.0260 0.7860
1105 0.0260 0.7860
1106 0.0260 0.7860
1107 0.0259 0.7860
1108 0.0259 0.7860
1109 0.0259 0.7860
1110 0.0259 0.7860
1111 0.0259 0.7860
1112 0.0259 0.7860
1113 0.0259 0.7860
1114 0.0259 0.7860
1115 0.0259 0.7860
1116 0.0259 0.7850
1117 0.0259 0.7860
1118 0.0259 0.7860
1119 0.0259 0.7840
1120 0.0259 0.7870
1121 0.0259 0.7840
1122 0.0259 0.7860
1123 0.0259 0.7860
1124 0.0259 0.7840
1125 0.0259 0.7860
1126 0.0259 0.7860
1127 0.0259 0.7840
1128 0.0259 0.7860
1129 0.0259 0.7860
1130 0.0259 0.7860
1131 0.0259 0.7860
1132 0.0259 0.7850
1133 0.0259 0.7860
1134 0.0259 0.7860
1135 0.0259 0.7860
1136 0.0259 0.7850
1137 0.0259 0.7860
1138 0.0259 0.7860
1139 0.0259 0.7850
1140 0.0259 0.7860
1141 0.0259 0.7860
1142 0.0259 0.7850
1143 0.0259 0.7860
1144 0.0259 0.7860
1145 0.0259 0.7850
1146 0.0259 0.7860
1147 0.0259 0.7860
1148 0.0259 0.7860
1149 0.0259 0.7860
1150 0.0259 0.7860
1151 0.0259 0.7860
1152 0.0259 0.7860
1153 0.0259 0.7850
1154 0.0259 0.7860
1155 0.0258 0.7860
1156 0.0258 0.7860
1157 0.0258 0.7860
1158 0.0258 0.7850
1159 0.0258 0.7860
1160 0.0258 0.7860
1161 0.0258 0.7850
1162 0.0258 0.7860
1163 0.0258 0.7850
1164 0.0258 0.7860
1165 0.0258 0.7860
1166 0.0258 0.7850
1167 0.0258 0.7860
1168 0.0258 0.7860
1169 0.0258 0.7860
1170 0.0258 0.7860
1171 0.0258 0.7850
1172 0.0258 0.7860
1173 0.0258 0.7850
1174 0.0258 0.7860
1175 0.0258 0.7860
1176 0.0258 0.7850
1177 0.0258 0.7860
1178 0.0258 0.7860
1179 0.0258 0.7850
1180 0.0258 0.7860
1181 0.0258 0.7860
1182 0.0258 0.7860
1183 0.0258 0.7860
1184 0.0258 0.7860
1185 0.0258 0.7850
1186 0.0258 0.7860
1187 0.0258 0.7860
1188 0.0258 0.7850
1189 0.0258 0.7860
1190 0.0258 0.7850
1191 0.0258 0.7860
1192 0.0258 0.7860
1193 0.0258 0.7840
1194 0.0258 0.7860
1195 0.0258 0.7850
1196 0.0258 0.7840
1197 0.0258 0.7860
1198 0.0258 0.7840
1199 0.0258 0.7860
1200 0.0258 0.7860
1201 0.0258 0.7840
1202 0.0258 0.7860
1203 0.0258 0.7850
1204 0.0258 0.7850
1205 0.0258 0.7860
1206 0.0258 0.7840
1207 0.0258 0.7860
1208 0.0258 0.7860
1209 0.0258 0.7850
1210 0.0258 0.7860
1211 0.0257 0.7850
1212 0.0257 0.7860
1213 0.0257 0.7860
1214 0.0257 0.7850
1215 0.0257 0.7850
1216 0.0257 0.7860
1217 0.0257 0.7850
1218 0.0257 0.7860
1219 0.0257 0.7860
1220 0.0257 0.7860
1221 0.0257 0.7860
1222 0.0257 0.7860
1223 0.0257 0.7860
1224 0.0257 0.7860
1225 0.0257 0.7850
1226 0.0257 0.7850
1227 0.0257 0.7860
1228 0.0257 0.7850
1229 0.0257 0.7860
1230 0.0257 0.7860
1231 0.0257 0.7860
1232 0.0257 0.7860
1233 0.0257 0.7850
1234 0.0257 0.7860
1235 0.0257 0.7860
1236 0.0257 0.7860
1237 0.0257 0.7860
1238 0.0257 0.7860
1239 0.0257 0.7860
1240 0.0257 0.7860
1241 0.0257 0.7860
1242 0.0257 0.7860
1243 0.0257 0.7860
1244 0.0257 0.7850
1245 0.0257 0.7860
1246 0.0257 0.7850
1247 0.0257 0.7860
1248 0.0257 0.7860
1249 0.0257 0.7850
1250 0.0257 0.7860
1251 0.0257 0.7850
1252 0.0257 0.7860
1253 0.0257 0.7860
1254 0.0257 0.7840
1255 0.0257 0.7860
1256 0.0257 0.7850
1257 0.0257 0.7860
1258 0.0257 0.7860
1259 0.0257 0.7850
1260 0.0257 0.7860
1261 0.0257 0.7860
1262 0.0257 0.7860
1263 0.0257 0.7860
1264 0.0257 0.7860
1265 0.0257 0.7860
1266 0.0257 0.7850
1267 0.0257 0.7860
1268 0.0257 0.7850
1269 0.0257 0.7860
1270 0.0257 0.7850
1271 0.0257 0.7860
1272 0.0257 0.7860
1273 0.0256 0.7860
1274 0.0256 0.7850
1275 0.0256 0.7850
1276 0.0256 0.7860
1277 0.0256 0.7860
1278 0.0257 0.7860
1279 0.0257 0.7860
1280 0.0257 0.7860
1281 0.0257 0.7860
1282 0.0257 0.7850
1283 0.0256 0.7860
1284 0.0256 0.7840
1285 0.0256 0.7860
1286 0.0256 0.7860
1287 0.0256 0.7850
1288 0.0256 0.7860
1289 0.0256 0.7840
1290 0.0256 0.7860
1291 0.0256 0.7860
1292 0.0256 0.7850
1293 0.0256 0.7860
1294 0.0256 0.7840
1295 0.0256 0.7860
1296 0.0256 0.7860
1297 0.0256 0.7840
1298 0.0256 0.7860
1299 0.0256 0.7840
1300 0.0256 0.7860
1301 0.0256 0.7850
1302 0.0256 0.7850
1303 0.0256 0.7860
1304 0.0256 0.7850
1305 0.0256 0.7860
1306 0.0256 0.7850
1307 0.0256 0.7850
1308 0.0256 0.7860
1309 0.0256 0.7860
1310 0.0256 0.7850
1311 0.0256 0.7860
1312 0.0256 0.7850
1313 0.0256 0.7850
1314 0.0256 0.7860
1315 0.0256 0.7850
1316 0.0256 0.7860
1317 0.0256 0.7850
1318 0.0256 0.7860
1319 0.0256 0.7860
1320 0.0256 0.7850
1321 0.0256 0.7860
1322 0.0256 0.7850
1323 0.0256 0.7860
1324 0.0256 0.7850
1325 0.0256 0.7860
1326 0.0256 0.7860
1327 0.0256 0.7850
1328 0.0256 0.7860
1329 0.0256 0.7860
1330 0.0256 0.7840
1331 0.0256 0.7860
1332 0.0256 0.7840
1333 0.0256 0.7860
1334 0.0256 0.7860
1335 0.0256 0.7850
1336 0.0256 0.7860
1337 0.0256 0.7860
1338 0.0256 0.7850
1339 0.0256 0.7860
1340 0.0256 0.7850
1341 0.0256 0.7860
1342 0.0256 0.7860
1343 0.0256 0.7850
1344 0.0256 0.7860
1345 0.0256 0.7850
1346 0.0256 0.7860
1347 0.0256 0.7860
1348 0.0256 0.7850
1349 0.0256 0.7860
1350 0.0256 0.7850
1351 0.0256 0.7860
1352 0.0255 0.7850
1353 0.0255 0.7860
1354 0.0255 0.7860
1355 0.0255 0.7850
1356 0.0255 0.7860
1357 0.0255 0.7850
1358 0.0255 0.7860
1359 0.0255 0.7850
1360 0.0255 0.7860
1361 0.0255 0.7860
1362 0.0255 0.7860
1363 0.0255 0.7860
1364 0.0255 0.7850
1365 0.0255 0.7860
1366 0.0255 0.7850
1367 0.0255 0.7860
1368 0.0255 0.7850
1369 0.0255 0.7850
1370 0.0255 0.7860
1371 0.0255 0.7850
1372 0.0255 0.7860
1373 0.0255 0.7850
1374 0.0255 0.7850
1375 0.0255 0.7860
1376 0.0255 0.7850
1377 0.0255 0.7860
1378 0.0255 0.7840
1379 0.0255 0.7860
1380 0.0255 0.7850
1381 0.0255 0.7850
1382 0.0255 0.7860
1383 0.0255 0.7850
1384 0.0255 0.7850
1385 0.0255 0.7860
1386 0.0255 0.7840
1387 0.0255 0.7860
1388 0.0255 0.7840
1389 0.0255 0.7860
1390 0.0255 0.7850
1391 0.0255 0.7850
1392 0.0255 0.7860
1393 0.0255 0.7850
1394 0.0255 0.7860
1395 0.0255 0.7840
1396 0.0255 0.7860
1397 0.0255 0.7850
1398 0.0255 0.7850
1399 0.0255 0.7860
1400 0.0255 0.7850
1401 0.0255 0.7860
1402 0.0255 0.7860
1403 0.0255 0.7850
1404 0.0255 0.7860
1405 0.0255 0.7850
1406 0.0255 0.7850
1407 0.0255 0.7850
1408 0.0255 0.7850
1409 0.0255 0.7860
1410 0.0255 0.7850
1411 0.0255 0.7860
1412 0.0255 0.7860
1413 0.0255 0.7850
1414 0.0255 0.7860
1415 0.0255 0.7850
1416 0.0255 0.7850
1417 0.0255 0.7860
1418 0.0255 0.7840
1419 0.0255 0.7860
1420 0.0255 0.7850
1421 0.0255 0.7850
1422 0.0255 0.7860
1423 0.0255 0.7850
1424 0.0255 0.7860
1425 0.0255 0.7840
1426 0.0255 0.7860
1427 0.0255 0.7850
1428 0.0255 0.7860
1429 0.0255 0.7840
1430 0.0255 0.7860
1431 0.0255 0.7850
1432 0.0255 0.7860
1433 0.0255 0.7850
1434 0.0255 0.7850
1435 0.0255 0.7860
1436 0.0255 0.7840
1437 0.0255 0.7850
1438 0.0255 0.7840
1439 0.0255 0.7860
1440 0.0255 0.7840
1441 0.0255 0.7860
1442 0.0255 0.7850
1443 0.0255 0.7860
1444 0.0255 0.7860
1445 0.0255 0.7850
1446 0.0255 0.7860
1447 0.0255 0.7840
1448 0.0255 0.7850
1449 0.0255 0.7860
1450 0.0255 0.7850
1451 0.0255 0.7860
1452 0.0254 0.7850
1453 0.0254 0.7850
1454 0.0254 0.7850
1455 0.0254 0.7850
1456 0.0254 0.7860
1457 0.0254 0.7840
1458 0.0254 0.7860
1459 0.0254 0.7850
1460 0.0254 0.7860
1461 0.0254 0.7850
1462 0.0254 0.7850
1463 0.0254 0.7860
1464 0.0254 0.7840
1465 0.0254 0.7870
1466 0.0254 0.7840
1467 0.0254 0.7860
1468 0.0254 0.7850
1469 0.0254 0.7850
1470 0.0254 0.7860
1471 0.0254 0.7840
1472 0.0254 0.7870
1473 0.0254 0.7840
1474 0.0254 0.7870
1475 0.0254 0.7850
1476 0.0254 0.7860
1477 0.0254 0.7860
1478 0.0254 0.7840
1479 0.0254 0.7870
1480 0.0254 0.7840
1481 0.0254 0.7850
1482 0.0254 0.7850
1483 0.0254 0.7860
1484 0.0254 0.7850
1485 0.0254 0.7850
1486 0.0254 0.7860
1487 0.0254 0.7850
1488 0.0254 0.7850
1489 0.0254 0.7860
1490 0.0254 0.7850
1491 0.0254 0.7860
1492 0.0254 0.7850
1493 0.0254 0.7860
1494 0.0254 0.7850
1495 0.0254 0.7860
1496 0.0254 0.7850
1497 0.0254 0.7860
1498 0.0254 0.7850
1499 0.0254 0.7860
1500 0.0254 0.7850
1501 0.0254 0.7860
1502 0.0254 0.7860
1503 0.0254 0.7840
1504 0.0254 0.7850
1505 0.0254 0.7840
1506 0.0254 0.7880
1507 0.0254 0.7840
1508 0.0254 0.7860
1509 0.0254 0.7850
1510 0.0254 0.7850
1511 0.0254 0.7850
1512 0.0254 0.7840
1513 0.0254 0.7870
1514 0.0254 0.7840
1515 0.0254 0.7860
1516 0.0254 0.7850
1517 0.0254 0.7850
1518 0.0254 0.7860
1519 0.0254 0.7840
1520 0.0254 0.7860
1521 0.0254 0.7850
1522 0.0254 0.7870
1523 0.0254 0.7850
1524 0.0254 0.7850
1525 0.0254 0.7850
1526 0.0254 0.7840
1527 0.0254 0.7860
1528 0.0254 0.7840
1529 0.0254 0.7870
1530 0.0254 0.7850
1531 0.0254 0.7860
1532 0.0254 0.7860
1533 0.0254 0.7840
1534 0.0254 0.7850
1535 0.0254 0.7840
1536 0.0254 0.7860
1537 0.0254 0.7850
1538 0.0254 0.7860
1539 0.0254 0.7850
1540 0.0254 0.7860
1541 0.0254 0.7860
1542 0.0254 0.7850
1543 0.0254 0.7860
1544 0.0254 0.7850
1545 0.0254 0.7850
1546 0.0254 0.7860
1547 0.0254 0.7840
1548 0.0254 0.7860
1549 0.0254 0.7840
1550 0.0254 0.7860
1551 0.0254 0.7850
1552 0.0254 0.7850
1553 0.0254 0.7850
1554 0.0254 0.7840
1555 0.0254 0.7870
1556 0.0254 0.7840
1557 0.0254 0.7860
1558 0.0254 0.7850
1559 0.0254 0.7840
1560 0.0254 0.7870
1561 0.0254 0.7840
1562 0.0254 0.7850
1563 0.0253 0.7850
1564 0.0253 0.7850
1565 0.0253 0.7850
1566 0.0254 0.7840
1567 0.0254 0.7870
1568 0.0254 0.7830
1569 0.0254 0.7860
1570 0.0254 0.7850
1571 0.0254 0.7850
1572 0.0253 0.7850
1573 0.0254 0.7840
1574 0.0254 0.7880
1575 0.0253 0.7840
1576 0.0253 0.7860
1577 0.0253 0.7860
1578 0.0253 0.7840
1579 0.0253 0.7870
1580 0.0253 0.7840
1581 0.0254 0.7870
1582 0.0253 0.7850
1583 0.0253 0.7850
1584 0.0253 0.7860
1585 0.0253 0.7830
1586 0.0253 0.7880
1587 0.0253 0.7840
1588 0.0253 0.7860
1589 0.0253 0.7870
1590 0.0253 0.7830
1591 0.0254 0.7860
1592 0.0253 0.7830
1593 0.0253 0.7850
1594 0.0253 0.7840
1595 0.0253 0.7840
1596 0.0253 0.7880
1597 0.0253 0.7840
1598 0.0253 0.7860
1599 0.0253 0.7860
1600 0.0253 0.7840
1601 0.0253 0.7850
1602 0.0253 0.7840
1603 0.0253 0.7860
1604 0.0253 0.7850
1605 0.0253 0.7850
1606 0.0253 0.7860
1607 0.0253 0.7840
1608 0.0253 0.7860
1609 0.0253 0.7840
1610 0.0253 0.7850
1611 0.0253 0.7860
1612 0.0253 0.7830
1613 0.0253 0.7860
1614 0.0253 0.7840
1615 0.0253 0.7860
1616 0.0253 0.7850
1617 0.0253 0.7850
1618 0.0253 0.7860
1619 0.0253 0.7850
1620 0.0253 0.7860
1621 0.0253 0.7850
1622 0.0253 0.7850
1623 0.0253 0.7850
1624 0.0253 0.7850
1625 0.0253 0.7850
1626 0.0253 0.7850
1627 0.0253 0.7860
1628 0.0253 0.7850
1629 0.0253 0.7860
1630 0.0253 0.7850
1631 0.0253 0.7850
1632 0.0253 0.7850
1633 0.0253 0.7860
1634 0.0253 0.7850
1635 0.0253 0.7860
1636 0.0253 0.7850
1637 0.0253 0.7850
1638 0.0253 0.7860
1639 0.0253 0.7840
1640 0.0253 0.7850
1641 0.0253 0.7850
1642 0.0253 0.7850
1643 0.0253 0.7860
1644 0.0253 0.7840
1645 0.0253 0.7860
1646 0.0253 0.7840
1647 0.0253 0.7860
1648 0.0253 0.7850
1649 0.0253 0.7840
1650 0.0253 0.7850
1651 0.0253 0.7840
1652 0.0253 0.7860
1653 0.0253 0.7860
1654 0.0253 0.7850
1655 0.0253 0.7860
1656 0.0253 0.7850
1657 0.0253 0.7850
1658 0.0253 0.7850
1659 0.0253 0.7850
1660 0.0253 0.7850
1661 0.0253 0.7850
1662 0.0253 0.7860
1663 0.0253 0.7840
1664 0.0253 0.7850
1665 0.0253 0.7840
1666 0.0253 0.7850
1667 0.0253 0.7850
1668 0.0253 0.7850
1669 0.0253 0.7870
1670 0.0253 0.7840
1671 0.0253 0.7850
1672 0.0253 0.7840
1673 0.0253 0.7850
1674 0.0253 0.7850
1675 0.0253 0.7850
1676 0.0253 0.7860
1677 0.0253 0.7850
1678 0.0253 0.7860
1679 0.0253 0.7850
1680 0.0253 0.7850
1681 0.0253 0.7840
1682 0.0253 0.7850
1683 0.0253 0.7850
1684 0.0253 0.7850
1685 0.0253 0.7850
1686 0.0253 0.7850
1687 0.0253 0.7850
1688 0.0253 0.7840
1689 0.0253 0.7850
1690 0.0253 0.7850
1691 0.0253 0.7850
1692 0.0253 0.7840
1693 0.0253 0.7850
1694 0.0253 0.7840
1695 0.0253 0.7850
1696 0.0253 0.7840
1697 0.0253 0.7850
1698 0.0253 0.7850
1699 0.0253 0.7840
1700 0.0253 0.7860
1701 0.0253 0.7840
1702 0.0253 0.7850
1703 0.0253 0.7850
1704 0.0253 0.7850
1705 0.0253 0.7860
1706 0.0253 0.7840
1707 0.0253 0.7850
1708 0.0253 0.7840
1709 0.0253 0.7850
1710 0.0253 0.7840
1711 0.0253 0.7840
1712 0.0253 0.7860
1713 0.0253 0.7850
1714 0.0253 0.7850
1715 0.0253 0.7850
1716 0.0253 0.7850
1717 0.0253 0.7850
1718 0.0253 0.7840
1719 0.0253 0.7850
1720 0.0253 0.7860
1721 0.0253 0.7850
1722 0.0253 0.7850
1723 0.0253 0.7850
1724 0.0253 0.7850
1725 0.0253 0.7840
1726 0.0253 0.7850
1727 0.0253 0.7860
1728 0.0253 0.7850
1729 0.0253 0.7860
1730 0.0253 0.7840
1731 0.0253 0.7850
1732 0.0253 0.7840
1733 0.0253 0.7850
1734 0.0252 0.7840
1735 0.0252 0.7850
1736 0.0252 0.7850
1737 0.0253 0.7850
1738 0.0253 0.7850
1739 0.0253 0.7850
1740 0.0253 0.7850
1741 0.0253 0.7840
1742 0.0253 0.7850
1743 0.0252 0.7840
1744 0.0252 0.7850
1745 0.0252 0.7850
1746 0.0252 0.7840
1747 0.0252 0.7850
1748 0.0253 0.7850
1749 0.0253 0.7850
1750 0.0253 0.7840
1751 0.0253 0.7870
1752 0.0253 0.7830
1753 0.0253 0.7860
1754 0.0252 0.7840
1755 0.0252 0.7860
1756 0.0252 0.7860
1757 0.0252 0.7840
1758 0.0252 0.7860
1759 0.0252 0.7840
1760 0.0252 0.7850
1761 0.0252 0.7850
1762 0.0252 0.7840
1763 0.0252 0.7860
1764 0.0252 0.7840
1765 0.0252 0.7850
1766 0.0252 0.7840
1767 0.0252 0.7850
1768 0.0252 0.7840
1769 0.0252 0.7850
1770 0.0252 0.7850
1771 0.0252 0.7850
1772 0.0252 0.7850
1773 0.0252 0.7840
1774 0.0252 0.7870
1775 0.0252 0.7840
1776 0.0252 0.7850
1777 0.0252 0.7850
1778 0.0252 0.7860
1779 0.0252 0.7850
1780 0.0252 0.7850
1781 0.0252 0.7850
1782 0.0252 0.7840
1783 0.0252 0.7850
1784 0.0252 0.7840
1785 0.0252 0.7850
1786 0.0252 0.7840
1787 0.0252 0.7850
1788 0.0252 0.7840
1789 0.0252 0.7840
1790 0.0252 0.7850
1791 0.0252 0.7840
1792 0.0252 0.7840
1793 0.0252 0.7850
1794 0.0252 0.7850
1795 0.0252 0.7850
1796 0.0252 0.7840
1797 0.0252 0.7850
1798 0.0252 0.7850
1799 0.0252 0.7850
1800 0.0252 0.7850
1801 0.0252 0.7850
1802 0.0252 0.7840
1803 0.0252 0.7850
1804 0.0252 0.7840
1805 0.0252 0.7860
1806 0.0252 0.7840
1807 0.0252 0.7870
1808 0.0252 0.7830
1809 0.0252 0.7850
1810 0.0252 0.7850
1811 0.0252 0.7850
1812 0.0252 0.7860
1813 0.0252 0.7870
1814 0.0252 0.7870
1815 0.0253 0.7870
1816 0.0253 0.7870
1817 0.0252 0.7840
1818 0.0252 0.7840
1819 0.0252 0.7870
1820 0.0252 0.7870
1821 0.0252 0.7870
1822 0.0252 0.7850
1823 0.0252 0.7850
1824 0.0252 0.7850
1825 0.0252 0.7840
1826 0.0252 0.7870
1827 0.0252 0.7850
1828 0.0252 0.7870
1829 0.0252 0.7830
1830 0.0252 0.7840
1831 0.0252 0.7850
1832 0.0252 0.7840
1833 0.0252 0.7860
1834 0.0252 0.7850
1835 0.0252 0.7840
1836 0.0252 0.7850
1837 0.0252 0.7840
1838 0.0252 0.7850
1839 0.0252 0.7850
1840 0.0252 0.7850
1841 0.0252 0.7850
1842 0.0252 0.7850
1843 0.0252 0.7850
1844 0.0252 0.7830
1845 0.0252 0.7840
1846 0.0252 0.7850
1847 0.0252 0.7840
1848 0.0252 0.7850
1849 0.0252 0.7840
1850 0.0252 0.7850
1851 0.0252 0.7830
1852 0.0252 0.7850
1853 0.0252 0.7860
1854 0.0252 0.7840
1855 0.0252 0.7850
1856 0.0252 0.7850
1857 0.0252 0.7850
1858 0.0252 0.7840
1859 0.0252 0.7850
1860 0.0252 0.7850
1861 0.0252 0.7840
1862 0.0252 0.7840
1863 0.0252 0.7850
1864 0.0252 0.7840
1865 0.0252 0.7850
1866 0.0252 0.7850
1867 0.0252 0.7850
1868 0.0252 0.7850
1869 0.0252 0.7850
1870 0.0252 0.7850
1871 0.0252 0.7840
1872 0.0252 0.7860
1873 0.0252 0.7840
1874 0.0252 0.7850
1875 0.0252 0.7850
1876 0.0252 0.7850
1877 0.0252 0.7850
1878 0.0252 0.7840
1879 0.0252 0.7850
1880 0.0252 0.7840
1881 0.0252 0.7840
1882 0.0252 0.7850
1883 0.0252 0.7850
1884 0.0252 0.7850
1885 0.0252 0.7840
1886 0.0252 0.7840
1887 0.0252 0.7840
1888 0.0252 0.7850
1889 0.0252 0.7850
1890 0.0252 0.7840
1891 0.0252 0.7850
1892 0.0252 0.7840
1893 0.0252 0.7850
1894 0.0252 0.7830
1895 0.0252 0.7850
1896 0.0252 0.7840
1897 0.0252 0.7840
1898 0.0252 0.7850
1899 0.0252 0.7840
1900 0.0252 0.7850
1901 0.0252 0.7840
1902 0.0252 0.7840
1903 0.0252 0.7840
1904 0.0252 0.7850
1905 0.0252 0.7840
1906 0.0252 0.7850
1907 0.0252 0.7850
1908 0.0252 0.7840
1909 0.0252 0.7840
1910 0.0252 0.7840
1911 0.0252 0.7840
1912 0.0252 0.7840
1913 0.0252 0.7850
1914 0.0252 0.7860
1915 0.0252 0.7840
1916 0.0252 0.7850
1917 0.0252 0.7840
1918 0.0252 0.7840
1919 0.0252 0.7840
1920 0.0252 0.7840
1921 0.0252 0.7840
1922 0.0252 0.7850
1923 0.0252 0.7850
1924 0.0252 0.7850
1925 0.0252 0.7840
1926 0.0252 0.7860
1927 0.0252 0.7840
1928 0.0252 0.7850
1929 0.0252 0.7840
1930 0.0252 0.7840
1931 0.0252 0.7860
1932 0.0252 0.7850
1933 0.0252 0.7850
1934 0.0252 0.7840
1935 0.0252 0.7850
1936 0.0252 0.7830
1937 0.0252 0.7850
1938 0.0252 0.7840
1939 0.0252 0.7850
1940 0.0252 0.7840
1941 0.0252 0.7840
1942 0.0252 0.7850
1943 0.0252 0.7840
1944 0.0252 0.7870
1945 0.0252 0.7840
1946 0.0252 0.7850
1947 0.0252 0.7850
1948 0.0252 0.7840
1949 0.0252 0.7840
1950 0.0252 0.7830
1951 0.0252 0.7850
1952 0.0252 0.7830
1953 0.0252 0.7850
1954 0.0252 0.7840
1955 0.0252 0.7850
1956 0.0252 0.7840
1957 0.0252 0.7840
1958 0.0252 0.7840
1959 0.0252 0.7840
1960 0.0252 0.7840
1961 0.0252 0.7850
1962 0.0252 0.7840
1963 0.0252 0.7850
1964 0.0252 0.7840
1965 0.0252 0.7840
1966 0.0252 0.7840
1967 0.0252 0.7840
1968 0.0252 0.7840
1969 0.0252 0.7840
1970 0.0252 0.7850
1971 0.0252 0.7840
1972 0.0252 0.7860
1973 0.0252 0.7840
1974 0.0252 0.7850
1975 0.0252 0.7840
1976 0.0252 0.7860
1977 0.0252 0.7840
1978 0.0252 0.7850
1979 0.0252 0.7840
1980 0.0252 0.7840
1981 0.0252 0.7850
1982 0.0252 0.7840
1983 0.0252 0.7850
1984 0.0252 0.7830
1985 0.0252 0.7850
1986 0.0252 0.7840
1987 0.0252 0.7850
1988 0.0252 0.7840
1989 0.0252 0.7840
1990 0.0252 0.7850
1991 0.0252 0.7850
1992 0.0252 0.7850
1993 0.0252 0.7830
1994 0.0252 0.7850
1995 0.0252 0.7840
1996 0.0252 0.7870
1997 0.0252 0.7840
1998 0.0252 0.7850
1999 0.0251 0.7840
