00 1.8065 0.1910
01 1.7300 0.3180
02 1.5935 0.4230
03 1.4318 0.4810
04 1.2666 0.5090
05 1.1050 0.5300
06 0.9530 0.5510
07 0.8141 0.5730
08 0.6886 0.5960
09 0.5760 0.6070
10 0.4760 0.6210
11 0.3883 0.6290
12 0.3125 0.6450
13 0.2486 0.6470
14 0.1968 0.6560
15 0.1563 0.6670
16 0.1254 0.6730
17 0.1019 0.6710
18 0.0839 0.6720
19 0.0701 0.6670
20 0.0594 0.6670
21 0.0513 0.6630
22 0.0451 0.6640
23 0.0401 0.6600
24 0.0360 0.6590
25 0.0323 0.6620
26 0.0291 0.6640
27 0.0262 0.6630
28 0.0238 0.6640
29 0.0218 0.6650
30 0.0203 0.6650
31 0.0191 0.6660
32 0.0181 0.6640
33 0.0172 0.6660
34 0.0165 0.6640
35 0.0159 0.6650
36 0.0154 0.6670
37 0.0150 0.6670
38 0.0147 0.6670
39 0.0145 0.6670
40 0.0145 0.6690
41 0.0144 0.6710
42 0.0144 0.6710
43 0.0145 0.6700
44 0.0146 0.6720
45 0.0147 0.6710
46 0.0149 0.6690
47 0.0151 0.6710
48 0.0153 0.6690
49 0.0156 0.6710
50 0.0159 0.6720
51 0.0162 0.6720
52 0.0165 0.6730
53 0.0167 0.6720
54 0.0170 0.6780
55 0.0172 0.6790
56 0.0174 0.6810
57 0.0176 0.6800
58 0.0178 0.6790
59 0.0180 0.6750
60 0.0181 0.6740
61 0.0182 0.6720
62 0.0183 0.6730
63 0.0184 0.6720
64 0.0184 0.6720
65 0.0184 0.6730
66 0.0184 0.6730
67 0.0184 0.6730
68 0.0184 0.6730
69 0.0183 0.6720
70 0.0182 0.6730
71 0.0181 0.6730
72 0.0180 0.6730
73 0.0179 0.6730
74 0.0178 0.6720
75 0.0177 0.6730
76 0.0176 0.6740
77 0.0174 0.6740
78 0.0173 0.6740
79 0.0171 0.6740
80 0.0170 0.6740
81 0.0168 0.6750
82 0.0167 0.6760
83 0.0166 0.6760
84 0.0164 0.6770
85 0.0163 0.6760
86 0.0161 0.6760
87 0.0160 0.6760
88 0.0159 0.6760
89 0.0158 0.6760
90 0.0156 0.6760
91 0.0155 0.6750
92 0.0154 0.6770
93 0.0153 0.6770
94 0.0152 0.6770
95 0.0151 0.6770
96 0.0149 0.6770
97 0.0148 0.6750
98 0.0147 0.6740
99 0.0146 0.6740
100 0.0145 0.6730
101 0.0144 0.6730
102 0.0143 0.6720
103 0.0142 0.6720
104 0.0142 0.6710
105 0.0141 0.6710
106 0.0140 0.6710
107 0.0139 0.6690
108 0.0138 0.6680
109 0.0137 0.6680
110 0.0136 0.6680
111 0.0135 0.6680
112 0.0135 0.6690
113 0.0134 0.6690
114 0.0133 0.6710
115 0.0132 0.6700
116 0.0132 0.6720
117 0.0131 0.6720
118 0.0130 0.6720
119 0.0129 0.6740
120 0.0129 0.6730
121 0.0128 0.6720
122 0.0127 0.6730
123 0.0126 0.6730
124 0.0126 0.6730
125 0.0125 0.6730
126 0.0124 0.6730
127 0.0124 0.6730
128 0.0123 0.6730
129 0.0122 0.6730
130 0.0122 0.6730
131 0.0121 0.6740
132 0.0120 0.6740
133 0.0120 0.6740
134 0.0119 0.6750
135 0.0118 0.6750
136 0.0118 0.6750
137 0.0117 0.6760
138 0.0117 0.6760
139 0.0116 0.6760
140 0.0115 0.6750
141 0.0115 0.6750
142 0.0114 0.6750
143 0.0114 0.6750
144 0.0113 0.6750
145 0.0113 0.6750
146 0.0112 0.6750
147 0.0112 0.6750
148 0.0111 0.6750
149 0.0110 0.6750
150 0.0110 0.6750
151 0.0109 0.6750
152 0.0109 0.6750
153 0.0108 0.6750
154 0.0108 0.6750
155 0.0107 0.6750
156 0.0107 0.6750
157 0.0107 0.6760
158 0.0106 0.6760
159 0.0106 0.6760
160 0.0105 0.6760
161 0.0105 0.6760
162 0.0104 0.6760
163 0.0104 0.6760
164 0.0103 0.6760
165 0.0103 0.6760
166 0.0103 0.6760
167 0.0102 0.6760
168 0.0102 0.6760
169 0.0101 0.6760
170 0.0101 0.6760
171 0.0100 0.6760
172 0.0100 0.6750
173 0.0100 0.6760
174 0.0099 0.6760
175 0.0099 0.6760
176 0.0098 0.6760
177 0.0098 0.6760
178 0.0098 0.6760
179 0.0097 0.6770
180 0.0097 0.6770
181 0.0097 0.6770
182 0.0096 0.6770
183 0.0096 0.6790
184 0.0095 0.6790
185 0.0095 0.6790
186 0.0095 0.6770
187 0.0094 0.6780
188 0.0094 0.6780
189 0.0094 0.6790
190 0.0093 0.6790
191 0.0093 0.6770
192 0.0093 0.6790
193 0.0092 0.6780
194 0.0092 0.6780
195 0.0092 0.6780
196 0.0091 0.6780
197 0.0091 0.6780
198 0.0091 0.6780
199 0.0091 0.6780
200 0.0090 0.6790
201 0.0090 0.6790
202 0.0090 0.6790
203 0.0089 0.6780
204 0.0089 0.6790
205 0.0089 0.6790
206 0.0088 0.6780
207 0.0088 0.6790
208 0.0088 0.6810
209 0.0088 0.6810
210 0.0087 0.6810
211 0.0087 0.6810
212 0.0087 0.6810
213 0.0087 0.6810
214 0.0086 0.6810
215 0.0086 0.6810
216 0.0086 0.6810
217 0.0086 0.6820
218 0.0085 0.6820
219 0.0085 0.6820
220 0.0085 0.6820
221 0.0085 0.6820
222 0.0084 0.6820
223 0.0084 0.6820
224 0.0084 0.6820
225 0.0084 0.6830
226 0.0083 0.6840
227 0.0083 0.6840
228 0.0083 0.6840
229 0.0083 0.6840
230 0.0082 0.6840
231 0.0082 0.6840
232 0.0082 0.6850
233 0.0082 0.6860
234 0.0081 0.6860
235 0.0081 0.6860
236 0.0081 0.6860
237 0.0081 0.6860
238 0.0081 0.6840
239 0.0080 0.6840
240 0.0080 0.6830
241 0.0080 0.6820
242 0.0080 0.6820
243 0.0080 0.6820
244 0.0079 0.6820
245 0.0079 0.6820
246 0.0079 0.6820
247 0.0079 0.6820
248 0.0079 0.6810
249 0.0078 0.6810
250 0.0078 0.6810
251 0.0078 0.6810
252 0.0078 0.6810
253 0.0078 0.6810
254 0.0077 0.6810
255 0.0077 0.6810
256 0.0077 0.6810
257 0.0077 0.6810
258 0.0077 0.6820
259 0.0076 0.6820
260 0.0076 0.6820
261 0.0076 0.6820
262 0.0076 0.6820
263 0.0076 0.6820
264 0.0076 0.6820
265 0.0075 0.6820
266 0.0075 0.6810
267 0.0075 0.6810
268 0.0075 0.6810
269 0.0075 0.6810
270 0.0075 0.6810
271 0.0074 0.6810
272 0.0074 0.6810
273 0.0074 0.6810
274 0.0074 0.6810
275 0.0074 0.6810
276 0.0074 0.6800
277 0.0073 0.6800
278 0.0073 0.6800
279 0.0073 0.6800
280 0.0073 0.6800
281 0.0073 0.6800
282 0.0073 0.6800
283 0.0072 0.6800
284 0.0072 0.6800
285 0.0072 0.6800
286 0.0072 0.6800
287 0.0072 0.6800
288 0.0072 0.6800
289 0.0072 0.6800
290 0.0071 0.6800
291 0.0071 0.6790
292 0.0071 0.6790
293 0.0071 0.6800
294 0.0071 0.6800
295 0.0071 0.6800
296 0.0071 0.6800
297 0.0070 0.6800
298 0.0070 0.6800
299 0.0070 0.6800
300 0.0070 0.6800
301 0.0070 0.6790
302 0.0070 0.6810
303 0.0070 0.6810
304 0.0070 0.6810
305 0.0069 0.6810
306 0.0069 0.6810
307 0.0069 0.6800
308 0.0069 0.6800
309 0.0069 0.6800
310 0.0069 0.6800
311 0.0069 0.6800
312 0.0069 0.6810
313 0.0068 0.6810
314 0.0068 0.6800
315 0.0068 0.6800
316 0.0068 0.6800
317 0.0068 0.6800
318 0.0068 0.6810
319 0.0068 0.6810
320 0.0068 0.6810
321 0.0067 0.6800
322 0.0067 0.6810
323 0.0067 0.6810
324 0.0067 0.6810
325 0.0067 0.6810
326 0.0067 0.6810
327 0.0067 0.6810
328 0.0067 0.6810
329 0.0067 0.6810
330 0.0066 0.6810
331 0.0066 0.6810
332 0.0066 0.6810
333 0.0066 0.6810
334 0.0066 0.6810
335 0.0066 0.6810
336 0.0066 0.6810
337 0.0066 0.6810
338 0.0066 0.6810
339 0.0065 0.6810
340 0.0065 0.6810
341 0.0065 0.6810
342 0.0065 0.6810
343 0.0065 0.6810
344 0.0065 0.6810
345 0.0065 0.6800
346 0.0065 0.6800
347 0.0065 0.6810
348 0.0065 0.6810
349 0.0064 0.6800
350 0.0064 0.6800
351 0.0064 0.6800
352 0.0064 0.6800
353 0.0064 0.6800
354 0.0064 0.6800
355 0.0064 0.6800
356 0.0064 0.6800
357 0.0064 0.6800
358 0.0064 0.6800
359 0.0064 0.6800
360 0.0063 0.6800
361 0.0063 0.6810
362 0.0063 0.6810
363 0.0063 0.6810
364 0.0063 0.6810
365 0.0063 0.6810
366 0.0063 0.6820
367 0.0063 0.6820
368 0.0063 0.6820
369 0.0063 0.6820
370 0.0063 0.6820
371 0.0063 0.6820
372 0.0062 0.6820
373 0.0062 0.6820
374 0.0062 0.6830
375 0.0062 0.6830
376 0.0062 0.6830
377 0.0062 0.6830
378 0.0062 0.6830
379 0.0062 0.6830
380 0.0062 0.6830
381 0.0062 0.6830
382 0.0062 0.6830
383 0.0062 0.6830
384 0.0061 0.6830
385 0.0061 0.6830
386 0.0061 0.6830
387 0.0061 0.6830
388 0.0061 0.6830
389 0.0061 0.6830
390 0.0061 0.6830
391 0.0061 0.6830
392 0.0061 0.6840
393 0.0061 0.6840
394 0.0061 0.6830
395 0.0061 0.6830
396 0.0061 0.6830
397 0.0061 0.6830
398 0.0060 0.6830
399 0.0060 0.6830
400 0.0060 0.6840
401 0.0060 0.6840
402 0.0060 0.6850
403 0.0060 0.6840
404 0.0060 0.6830
405 0.0060 0.6830
406 0.0060 0.6840
407 0.0060 0.6840
408 0.0060 0.6830
409 0.0060 0.6830
410 0.0060 0.6830
411 0.0060 0.6830
412 0.0059 0.6830
413 0.0059 0.6830
414 0.0059 0.6840
415 0.0059 0.6830
416 0.0059 0.6830
417 0.0059 0.6830
418 0.0059 0.6830
419 0.0059 0.6830
420 0.0059 0.6830
421 0.0059 0.6830
422 0.0059 0.6830
423 0.0059 0.6830
424 0.0059 0.6840
425 0.0059 0.6840
426 0.0059 0.6830
427 0.0059 0.6830
428 0.0058 0.6830
429 0.0058 0.6830
430 0.0058 0.6840
431 0.0058 0.6840
432 0.0058 0.6840
433 0.0058 0.6840
434 0.0058 0.6840
435 0.0058 0.6840
436 0.0058 0.6840
437 0.0058 0.6840
438 0.0058 0.6840
439 0.0058 0.6840
440 0.0058 0.6840
441 0.0058 0.6840
442 0.0058 0.6840
443 0.0058 0.6840
444 0.0058 0.6840
445 0.0057 0.6840
446 0.0057 0.6840
447 0.0057 0.6840
448 0.0057 0.6840
449 0.0057 0.6840
450 0.0057 0.6840
451 0.0057 0.6840
452 0.0057 0.6840
453 0.0057 0.6840
454 0.0057 0.6840
455 0.0057 0.6840
456 0.0057 0.6840
457 0.0057 0.6840
458 0.0057 0.6840
459 0.0057 0.6840
460 0.0057 0.6840
461 0.0057 0.6840
462 0.0057 0.6840
463 0.0057 0.6840
464 0.0057 0.6840
465 0.0056 0.6840
466 0.0056 0.6840
467 0.0056 0.6840
468 0.0056 0.6840
469 0.0056 0.6840
470 0.0056 0.6840
471 0.0056 0.6840
472 0.0056 0.6840
473 0.0056 0.6840
474 0.0056 0.6840
475 0.0056 0.6840
476 0.0056 0.6840
477 0.0056 0.6840
478 0.0056 0.6840
479 0.0056 0.6840
480 0.0056 0.6840
481 0.0056 0.6840
482 0.0056 0.6840
483 0.0056 0.6840
484 0.0056 0.6840
485 0.0056 0.6840
486 0.0055 0.6840
487 0.0055 0.6840
488 0.0055 0.6840
489 0.0055 0.6840
490 0.0055 0.6840
491 0.0055 0.6840
492 0.0055 0.6840
493 0.0055 0.6840
494 0.0055 0.6840
495 0.0055 0.6840
496 0.0055 0.6840
497 0.0055 0.6840
498 0.0055 0.6840
499 0.0055 0.6840
500 0.0055 0.6840
501 0.0055 0.6840
502 0.0055 0.6840
503 0.0055 0.6840
504 0.0055 0.6840
505 0.0055 0.6840
506 0.0055 0.6840
507 0.0055 0.6840
508 0.0055 0.6840
509 0.0055 0.6840
510 0.0054 0.6840
511 0.0054 0.6840
512 0.0054 0.6840
513 0.0054 0.6830
514 0.0054 0.6830
515 0.0054 0.6830
516 0.0054 0.6830
517 0.0054 0.6840
518 0.0054 0.6840
519 0.0054 0.6840
520 0.0054 0.6840
521 0.0054 0.6830
522 0.0054 0.6830
523 0.0054 0.6830
524 0.0054 0.6840
525 0.0054 0.6840
526 0.0054 0.6830
527 0.0054 0.6830
528 0.0054 0.6830
529 0.0054 0.6830
530 0.0054 0.6830
531 0.0054 0.6830
532 0.0054 0.6830
533 0.0054 0.6830
534 0.0054 0.6830
535 0.0054 0.6830
536 0.0054 0.6830
537 0.0054 0.6830
538 0.0054 0.6830
539 0.0053 0.6830
540 0.0053 0.6830
541 0.0053 0.6820
542 0.0053 0.6820
543 0.0053 0.6830
544 0.0053 0.6830
545 0.0053 0.6830
546 0.0053 0.6830
547 0.0053 0.6830
548 0.0053 0.6830
549 0.0053 0.6830
550 0.0053 0.6830
551 0.0053 0.6830
552 0.0053 0.6830
553 0.0053 0.6830
554 0.0053 0.6840
555 0.0053 0.6830
556 0.0053 0.6820
557 0.0053 0.6820
558 0.0053 0.6830
559 0.0053 0.6830
560 0.0053 0.6840
561 0.0053 0.6840
562 0.0053 0.6840
563 0.0053 0.6840
564 0.0053 0.6840
565 0.0053 0.6840
566 0.0053 0.6830
567 0.0053 0.6830
568 0.0053 0.6830
569 0.0053 0.6830
570 0.0052 0.6830
571 0.0052 0.6830
572 0.0052 0.6830
573 0.0052 0.6830
574 0.0052 0.6830
575 0.0052 0.6840
576 0.0052 0.6840
577 0.0052 0.6830
578 0.0052 0.6830
579 0.0052 0.6830
580 0.0052 0.6830
581 0.0052 0.6830
582 0.0052 0.6830
583 0.0052 0.6830
584 0.0052 0.6830
585 0.0052 0.6830
586 0.0052 0.6830
587 0.0052 0.6830
588 0.0052 0.6830
589 0.0052 0.6830
590 0.0052 0.6830
591 0.0052 0.6830
592 0.0052 0.6830
593 0.0052 0.6830
594 0.0052 0.6830
595 0.0052 0.6830
596 0.0052 0.6830
597 0.0052 0.6830
598 0.0052 0.6830
599 0.0052 0.6830
600 0.0052 0.6830
601 0.0052 0.6830
602 0.0052 0.6830
603 0.0052 0.6830
604 0.0052 0.6830
605 0.0052 0.6830
606 0.0052 0.6830
607 0.0052 0.6830
608 0.0052 0.6830
609 0.0051 0.6830
610 0.0051 0.6820
611 0.0051 0.6830
612 0.0051 0.6830
613 0.0051 0.6830
614 0.0051 0.6830
615 0.0051 0.6830
616 0.0051 0.6830
617 0.0051 0.6810
618 0.0051 0.6830
619 0.0051 0.6820
620 0.0051 0.6820
621 0.0051 0.6800
622 0.0051 0.6820
623 0.0051 0.6820
624 0.0051 0.6820
625 0.0051 0.6830
626 0.0051 0.6810
627 0.0051 0.6810
628 0.0051 0.6800
629 0.0051 0.6820
630 0.0051 0.6830
631 0.0051 0.6830
632 0.0051 0.6830
633 0.0051 0.6810
634 0.0051 0.6810
635 0.0051 0.6810
636 0.0051 0.6810
637 0.0051 0.6810
638 0.0051 0.6800
639 0.0051 0.6800
640 0.0051 0.6810
641 0.0051 0.6810
642 0.0051 0.6810
643 0.0051 0.6810
644 0.0051 0.6810
645 0.0051 0.6810
646 0.0051 0.6810
647 0.0051 0.6810
648 0.0051 0.6800
649 0.0051 0.6800
650 0.0051 0.6810
651 0.0051 0.6810
652 0.0051 0.6810
653 0.0051 0.6810
654 0.0051 0.6810
655 0.0051 0.6810
656 0.0051 0.6810
657 0.0051 0.6810
658 0.0051 0.6810
659 0.0051 0.6810
660 0.0051 0.6810
661 0.0050 0.6800
662 0.0050 0.6800
663 0.0050 0.6800
664 0.0050 0.6810
665 0.0050 0.6810
666 0.0050 0.6810
667 0.0050 0.6810
668 0.0050 0.6820
669 0.0050 0.6820
670 0.0050 0.6800
671 0.0050 0.6810
672 0.0050 0.6810
673 0.0050 0.6810
674 0.0050 0.6810
675 0.0050 0.6810
676 0.0050 0.6810
677 0.0050 0.6800
678 0.0050 0.6810
679 0.0050 0.6810
680 0.0050 0.6810
681 0.0050 0.6810
682 0.0050 0.6810
683 0.0050 0.6800
684 0.0050 0.6810
685 0.0050 0.6810
686 0.0050 0.6820
687 0.0050 0.6810
688 0.0050 0.6810
689 0.0050 0.6810
690 0.0050 0.6810
691 0.0050 0.6810
692 0.0050 0.6810
693 0.0050 0.6820
694 0.0050 0.6820
695 0.0050 0.6810
696 0.0050 0.6810
697 0.0050 0.6810
698 0.0050 0.6810
699 0.0050 0.6810
700 0.0050 0.6810
701 0.0050 0.6820
702 0.0050 0.6820
703 0.0050 0.6810
704 0.0050 0.6810
705 0.0050 0.6810
706 0.0050 0.6810
707 0.0050 0.6810
708 0.0050 0.6810
709 0.0050 0.6810
710 0.0050 0.6810
711 0.0050 0.6810
712 0.0050 0.6810
713 0.0050 0.6810
714 0.0050 0.6810
715 0.0050 0.6820
716 0.0050 0.6820
717 0.0050 0.6820
718 0.0050 0.6810
719 0.0050 0.6810
720 0.0049 0.6810
721 0.0049 0.6810
722 0.0049 0.6810
723 0.0049 0.6810
724 0.0049 0.6810
725 0.0049 0.6820
726 0.0049 0.6820
727 0.0049 0.6810
728 0.0049 0.6810
729 0.0049 0.6810
730 0.0049 0.6810
731 0.0049 0.6810
732 0.0049 0.6810
733 0.0049 0.6810
734 0.0049 0.6820
735 0.0049 0.6810
736 0.0049 0.6820
737 0.0049 0.6810
738 0.0049 0.6810
739 0.0049 0.6810
740 0.0049 0.6810
741 0.0049 0.6820
742 0.0049 0.6820
743 0.0049 0.6810
744 0.0049 0.6810
745 0.0049 0.6810
746 0.0049 0.6810
747 0.0049 0.6810
748 0.0049 0.6810
749 0.0049 0.6810
750 0.0049 0.6810
751 0.0049 0.6810
752 0.0049 0.6810
753 0.0049 0.6810
754 0.0049 0.6810
755 0.0049 0.6820
756 0.0049 0.6810
757 0.0049 0.6810
758 0.0049 0.6810
759 0.0049 0.6810
760 0.0049 0.6820
761 0.0049 0.6820
762 0.0049 0.6810
763 0.0049 0.6810
764 0.0049 0.6810
765 0.0049 0.6810
766 0.0049 0.6800
767 0.0049 0.6810
768 0.0049 0.6820
769 0.0049 0.6820
770 0.0049 0.6820
771 0.0049 0.6820
772 0.0049 0.6810
773 0.0049 0.6810
774 0.0049 0.6810
775 0.0049 0.6810
776 0.0049 0.6810
777 0.0049 0.6810
778 0.0049 0.6810
779 0.0049 0.6820
780 0.0049 0.6830
781 0.0049 0.6820
782 0.0049 0.6800
783 0.0049 0.6810
784 0.0049 0.6810
785 0.0049 0.6820
786 0.0049 0.6820
787 0.0049 0.6820
788 0.0049 0.6810
789 0.0049 0.6810
790 0.0049 0.6810
791 0.0049 0.6810
792 0.0049 0.6810
793 0.0049 0.6820
794 0.0049 0.6810
795 0.0049 0.6810
796 0.0049 0.6820
797 0.0049 0.6820
798 0.0049 0.6820
799 0.0049 0.6820
800 0.0049 0.6820
801 0.0049 0.6820
802 0.0049 0.6820
803 0.0049 0.6820
804 0.0049 0.6810
805 0.0049 0.6810
806 0.0049 0.6810
807 0.0049 0.6810
808 0.0049 0.6810
809 0.0049 0.6810
810 0.0049 0.6810
811 0.0049 0.6800
812 0.0049 0.6800
813 0.0049 0.6810
814 0.0049 0.6810
815 0.0049 0.6810
816 0.0049 0.6810
817 0.0048 0.6810
818 0.0048 0.6810
819 0.0048 0.6810
820 0.0048 0.6810
821 0.0048 0.6810
822 0.0048 0.6820
823 0.0048 0.6820
824 0.0048 0.6820
825 0.0048 0.6810
826 0.0048 0.6810
827 0.0048 0.6810
828 0.0048 0.6810
829 0.0048 0.6810
830 0.0048 0.6810
831 0.0048 0.6810
832 0.0048 0.6810
833 0.0048 0.6810
834 0.0048 0.6810
835 0.0048 0.6810
836 0.0048 0.6810
837 0.0048 0.6810
838 0.0048 0.6810
839 0.0048 0.6800
840 0.0048 0.6810
841 0.0048 0.6810
842 0.0048 0.6810
843 0.0048 0.6810
844 0.0048 0.6810
845 0.0048 0.6810
846 0.0048 0.6830
847 0.0048 0.6820
848 0.0048 0.6810
849 0.0048 0.6810
850 0.0048 0.6810
851 0.0048 0.6810
852 0.0048 0.6810
853 0.0048 0.6820
854 0.0048 0.6820
855 0.0048 0.6820
856 0.0048 0.6820
857 0.0048 0.6820
858 0.0048 0.6820
859 0.0048 0.6820
860 0.0048 0.6810
861 0.0048 0.6820
862 0.0048 0.6820
863 0.0048 0.6820
864 0.0048 0.6810
865 0.0048 0.6810
866 0.0048 0.6810
867 0.0048 0.6820
868 0.0048 0.6820
869 0.0048 0.6820
870 0.0048 0.6810
871 0.0048 0.6820
872 0.0048 0.6820
873 0.0048 0.6820
874 0.0048 0.6820
875 0.0048 0.6820
876 0.0048 0.6820
877 0.0048 0.6820
878 0.0048 0.6820
879 0.0048 0.6820
880 0.0048 0.6820
881 0.0048 0.6820
882 0.0048 0.6820
883 0.0048 0.6820
884 0.0048 0.6820
885 0.0048 0.6820
886 0.0048 0.6810
887 0.0048 0.6820
888 0.0048 0.6820
889 0.0048 0.6820
890 0.0048 0.6820
891 0.0048 0.6820
892 0.0048 0.6820
893 0.0048 0.6820
894 0.0048 0.6820
895 0.0048 0.6820
896 0.0048 0.6820
897 0.0048 0.6820
898 0.0048 0.6820
899 0.0048 0.6820
900 0.0048 0.6820
901 0.0048 0.6820
902 0.0048 0.6820
903 0.0048 0.6820
904 0.0048 0.6820
905 0.0048 0.6820
906 0.0048 0.6820
907 0.0048 0.6820
908 0.0048 0.6820
909 0.0048 0.6820
910 0.0048 0.6820
911 0.0048 0.6820
912 0.0048 0.6820
913 0.0048 0.6820
914 0.0048 0.6820
915 0.0048 0.6820
916 0.0048 0.6820
917 0.0048 0.6820
918 0.0048 0.6820
919 0.0048 0.6820
920 0.0048 0.6820
921 0.0048 0.6820
922 0.0048 0.6820
923 0.0048 0.6820
924 0.0048 0.6820
925 0.0048 0.6820
926 0.0048 0.6820
927 0.0048 0.6820
928 0.0048 0.6820
929 0.0048 0.6820
930 0.0048 0.6820
931 0.0048 0.6820
932 0.0048 0.6820
933 0.0048 0.6820
934 0.0048 0.6820
935 0.0048 0.6820
936 0.0048 0.6820
937 0.0048 0.6820
938 0.0048 0.6820
939 0.0048 0.6820
940 0.0048 0.6820
941 0.0048 0.6820
942 0.0048 0.6820
943 0.0048 0.6820
944 0.0048 0.6820
945 0.0048 0.6820
946 0.0048 0.6810
947 0.0048 0.6820
948 0.0048 0.6820
949 0.0048 0.6820
950 0.0048 0.6820
951 0.0048 0.6820
952 0.0048 0.6820
953 0.0048 0.6820
954 0.0048 0.6820
955 0.0048 0.6820
956 0.0048 0.6820
957 0.0048 0.6820
958 0.0048 0.6820
959 0.0048 0.6810
960 0.0048 0.6810
961 0.0048 0.6820
962 0.0048 0.6820
963 0.0048 0.6820
964 0.0048 0.6820
965 0.0048 0.6820
966 0.0048 0.6830
967 0.0048 0.6820
968 0.0048 0.6820
969 0.0048 0.6820
970 0.0048 0.6820
971 0.0048 0.6810
972 0.0048 0.6810
973 0.0048 0.6820
974 0.0048 0.6820
975 0.0048 0.6820
976 0.0048 0.6810
977 0.0047 0.6810
978 0.0047 0.6820
979 0.0047 0.6820
980 0.0047 0.6810
981 0.0047 0.6810
982 0.0047 0.6800
983 0.0047 0.6820
984 0.0047 0.6820
985 0.0047 0.6820
986 0.0047 0.6810
987 0.0047 0.6800
988 0.0047 0.6800
989 0.0047 0.6800
990 0.0047 0.6810
991 0.0047 0.6810
992 0.0047 0.6820
993 0.0047 0.6830
994 0.0047 0.6810
995 0.0047 0.6810
996 0.0047 0.6800
997 0.0047 0.6800
998 0.0047 0.6810
999 0.0047 0.6810
1000 0.0047 0.6800
1001 0.0047 0.6800
1002 0.0047 0.6800
1003 0.0047 0.6810
1004 0.0047 0.6810
1005 0.0047 0.6810
1006 0.0047 0.6800
1007 0.0047 0.6800
1008 0.0047 0.6800
1009 0.0047 0.6810
1010 0.0047 0.6810
1011 0.0047 0.6800
1012 0.0047 0.6800
1013 0.0047 0.6800
1014 0.0047 0.6810
1015 0.0047 0.6810
1016 0.0047 0.6800
1017 0.0047 0.6800
1018 0.0047 0.6810
1019 0.0047 0.6810
1020 0.0047 0.6800
1021 0.0047 0.6800
1022 0.0047 0.6800
1023 0.0047 0.6800
1024 0.0047 0.6810
1025 0.0047 0.6810
1026 0.0047 0.6800
1027 0.0047 0.6800
1028 0.0047 0.6800
1029 0.0047 0.6800
1030 0.0047 0.6800
1031 0.0047 0.6800
1032 0.0047 0.6800
1033 0.0047 0.6810
1034 0.0047 0.6810
1035 0.0047 0.6810
1036 0.0047 0.6810
1037 0.0047 0.6800
1038 0.0047 0.6820
1039 0.0047 0.6820
1040 0.0047 0.6800
1041 0.0047 0.6800
1042 0.0047 0.6800
1043 0.0047 0.6810
1044 0.0047 0.6810
1045 0.0047 0.6800
1046 0.0047 0.6800
1047 0.0047 0.6820
1048 0.0047 0.6800
1049 0.0047 0.6800
1050 0.0047 0.6800
1051 0.0047 0.6810
1052 0.0047 0.6810
1053 0.0047 0.6800
1054 0.0047 0.6800
1055 0.0047 0.6800
1056 0.0047 0.6810
1057 0.0047 0.6800
1058 0.0047 0.6800
1059 0.0047 0.6800
1060 0.0047 0.6810
1061 0.0047 0.6800
1062 0.0047 0.6800
1063 0.0047 0.6800
1064 0.0047 0.6800
1065 0.0047 0.6810
1066 0.0047 0.6810
1067 0.0047 0.6810
1068 0.0047 0.6810
1069 0.0047 0.6810
1070 0.0047 0.6810
1071 0.0047 0.6810
1072 0.0047 0.6800
1073 0.0047 0.6800
1074 0.0047 0.6810
1075 0.0047 0.6810
1076 0.0047 0.6810
1077 0.0047 0.6810
1078 0.0047 0.6810
1079 0.0047 0.6810
1080 0.0047 0.6800
1081 0.0047 0.6800
1082 0.0047 0.6810
1083 0.0047 0.6820
1084 0.0047 0.6810
1085 0.0047 0.6800
1086 0.0047 0.6800
1087 0.0047 0.6810
1088 0.0047 0.6810
1089 0.0047 0.6810
1090 0.0047 0.6810
1091 0.0047 0.6810
1092 0.0047 0.6810
1093 0.0047 0.6810
1094 0.0047 0.6800
1095 0.0047 0.6810
1096 0.0047 0.6810
1097 0.0047 0.6810
1098 0.0047 0.6810
1099 0.0047 0.6810
1100 0.0047 0.6810
1101 0.0047 0.6800
1102 0.0047 0.6800
1103 0.0047 0.6810
1104 0.0047 0.6820
1105 0.0047 0.6810
1106 0.0047 0.6800
1107 0.0047 0.6800
1108 0.0047 0.6810
1109 0.0047 0.6810
1110 0.0047 0.6810
1111 0.0047 0.6810
1112 0.0047 0.6820
1113 0.0047 0.6820
1114 0.0047 0.6820
1115 0.0047 0.6810
1116 0.0047 0.6800
1117 0.0047 0.6810
1118 0.0047 0.6810
1119 0.0047 0.6810
1120 0.0047 0.6810
1121 0.0047 0.6810
1122 0.0047 0.6810
1123 0.0047 0.6810
1124 0.0047 0.6800
1125 0.0047 0.6800
1126 0.0047 0.6810
1127 0.0047 0.6810
1128 0.0047 0.6800
1129 0.0047 0.6800
1130 0.0047 0.6810
1131 0.0047 0.6810
1132 0.0047 0.6810
1133 0.0047 0.6810
1134 0.0047 0.6810
1135 0.0047 0.6810
1136 0.0047 0.6810
1137 0.0047 0.6810
1138 0.0047 0.6810
1139 0.0047 0.6810
1140 0.0047 0.6810
1141 0.0047 0.6810
1142 0.0047 0.6810
1143 0.0047 0.6810
1144 0.0047 0.6810
1145 0.0047 0.6800
1146 0.0047 0.6810
1147 0.0047 0.6820
1148 0.0047 0.6810
1149 0.0047 0.6810
1150 0.0047 0.6820
1151 0.0047 0.6820
1152 0.0047 0.6810
1153 0.0047 0.6810
1154 0.0047 0.6810
1155 0.0047 0.6810
1156 0.0047 0.6810
1157 0.0047 0.6810
1158 0.0047 0.6810
1159 0.0047 0.6810
1160 0.0047 0.6810
1161 0.0047 0.6810
1162 0.0047 0.6820
1163 0.0047 0.6820
1164 0.0047 0.6810
1165 0.0047 0.6810
1166 0.0047 0.6810
1167 0.0047 0.6810
1168 0.0047 0.6810
1169 0.0047 0.6810
1170 0.0047 0.6810
1171 0.0047 0.6810
1172 0.0047 0.6810
1173 0.0047 0.6820
1174 0.0047 0.6820
1175 0.0047 0.6810
1176 0.0047 0.6810
1177 0.0047 0.6810
1178 0.0047 0.6810
1179 0.0047 0.6810
1180 0.0047 0.6810
1181 0.0047 0.6810
1182 0.0047 0.6820
1183 0.0047 0.6820
1184 0.0047 0.6810
1185 0.0047 0.6810
1186 0.0047 0.6810
1187 0.0047 0.6810
1188 0.0047 0.6810
1189 0.0047 0.6810
1190 0.0047 0.6810
1191 0.0047 0.6810
1192 0.0047 0.6810
1193 0.0047 0.6810
1194 0.0047 0.6810
1195 0.0047 0.6810
1196 0.0047 0.6810
1197 0.0047 0.6810
1198 0.0047 0.6810
1199 0.0047 0.6810
1200 0.0047 0.6810
1201 0.0047 0.6810
1202 0.0047 0.6810
1203 0.0047 0.6810
1204 0.0047 0.6810
1205 0.0047 0.6810
1206 0.0047 0.6810
1207 0.0047 0.6810
1208 0.0047 0.6810
1209 0.0047 0.6810
1210 0.0047 0.6810
1211 0.0047 0.6810
1212 0.0047 0.6810
1213 0.0047 0.6810
1214 0.0047 0.6810
1215 0.0047 0.6810
1216 0.0047 0.6810
1217 0.0047 0.6810
1218 0.0047 0.6810
1219 0.0047 0.6810
1220 0.0047 0.6810
1221 0.0047 0.6810
1222 0.0047 0.6810
1223 0.0047 0.6810
1224 0.0047 0.6810
1225 0.0047 0.6810
1226 0.0047 0.6820
1227 0.0047 0.6810
1228 0.0047 0.6810
1229 0.0047 0.6810
1230 0.0047 0.6810
1231 0.0047 0.6810
1232 0.0047 0.6810
1233 0.0047 0.6810
1234 0.0047 0.6810
1235 0.0047 0.6810
1236 0.0047 0.6810
1237 0.0047 0.6810
1238 0.0047 0.6820
1239 0.0047 0.6820
1240 0.0047 0.6810
1241 0.0047 0.6810
1242 0.0047 0.6810
1243 0.0047 0.6810
1244 0.0047 0.6810
1245 0.0047 0.6810
1246 0.0047 0.6820
1247 0.0047 0.6820
1248 0.0047 0.6820
1249 0.0047 0.6810
1250 0.0047 0.6810
1251 0.0047 0.6800
1252 0.0047 0.6800
1253 0.0047 0.6810
1254 0.0047 0.6810
1255 0.0047 0.6810
1256 0.0047 0.6810
1257 0.0047 0.6810
1258 0.0047 0.6810
1259 0.0047 0.6800
1260 0.0047 0.6810
1261 0.0047 0.6800
1262 0.0047 0.6800
1263 0.0047 0.6800
1264 0.0047 0.6820
1265 0.0047 0.6820
1266 0.0047 0.6800
1267 0.0047 0.6800
1268 0.0047 0.6810
1269 0.0047 0.6810
1270 0.0047 0.6810
1271 0.0047 0.6810
1272 0.0047 0.6820
1273 0.0047 0.6820
1274 0.0047 0.6810
1275 0.0047 0.6810
1276 0.0047 0.6810
1277 0.0047 0.6810
1278 0.0047 0.6800
1279 0.0047 0.6810
1280 0.0047 0.6820
1281 0.0047 0.6810
1282 0.0047 0.6810
1283 0.0047 0.6810
1284 0.0047 0.6810
1285 0.0047 0.6810
1286 0.0047 0.6810
1287 0.0047 0.6810
1288 0.0047 0.6820
1289 0.0047 0.6800
1290 0.0047 0.6810
1291 0.0047 0.6800
1292 0.0047 0.6810
1293 0.0047 0.6800
1294 0.0047 0.6810
1295 0.0047 0.6820
1296 0.0047 0.6820
1297 0.0047 0.6810
1298 0.0047 0.6810
1299 0.0047 0.6810
1300 0.0047 0.6810
1301 0.0047 0.6810
1302 0.0047 0.6800
1303 0.0047 0.6800
1304 0.0047 0.6800
1305 0.0047 0.6800
1306 0.0047 0.6800
1307 0.0047 0.6810
1308 0.0047 0.6820
1309 0.0047 0.6820
1310 0.0047 0.6800
1311 0.0047 0.6810
1312 0.0047 0.6800
1313 0.0047 0.6800
1314 0.0047 0.6800
1315 0.0047 0.6810
1316 0.0047 0.6810
1317 0.0047 0.6800
1318 0.0047 0.6800
1319 0.0047 0.6800
1320 0.0047 0.6830
1321 0.0047 0.6830
1322 0.0047 0.6820
1323 0.0047 0.6810
1324 0.0047 0.6810
1325 0.0047 0.6810
1326 0.0047 0.6820
1327 0.0047 0.6810
1328 0.0047 0.6800
1329 0.0047 0.6800
1330 0.0047 0.6800
1331 0.0047 0.6810
1332 0.0047 0.6820
1333 0.0047 0.6820
1334 0.0047 0.6810
1335 0.0047 0.6800
1336 0.0047 0.6800
1337 0.0047 0.6800
1338 0.0047 0.6810
1339 0.0047 0.6820
1340 0.0047 0.6830
1341 0.0047 0.6800
1342 0.0047 0.6800
1343 0.0047 0.6800
1344 0.0047 0.6800
1345 0.0047 0.6810
1346 0.0047 0.6820
1347 0.0047 0.6810
1348 0.0047 0.6810
1349 0.0047 0.6810
1350 0.0047 0.6810
1351 0.0047 0.6800
1352 0.0047 0.6810
1353 0.0047 0.6810
1354 0.0047 0.6810
1355 0.0047 0.6810
1356 0.0047 0.6830
1357 0.0047 0.6830
1358 0.0047 0.6840
1359 0.0047 0.6820
1360 0.0047 0.6810
1361 0.0047 0.6810
1362 0.0047 0.6820
1363 0.0047 0.6810
1364 0.0047 0.6820
1365 0.0047 0.6810
1366 0.0047 0.6800
1367 0.0047 0.6800
1368 0.0047 0.6800
1369 0.0047 0.6810
1370 0.0047 0.6830
1371 0.0047 0.6820
1372 0.0047 0.6810
1373 0.0047 0.6810
1374 0.0047 0.6810
1375 0.0047 0.6810
1376 0.0047 0.6810
1377 0.0047 0.6820
1378 0.0047 0.6820
1379 0.0047 0.6820
1380 0.0047 0.6810
1381 0.0047 0.6810
1382 0.0047 0.6810
1383 0.0047 0.6810
1384 0.0047 0.6810
1385 0.0047 0.6830
1386 0.0047 0.6830
1387 0.0047 0.6830
1388 0.0047 0.6820
1389 0.0047 0.6810
1390 0.0047 0.6810
1391 0.0047 0.6830
1392 0.0047 0.6830
1393 0.0047 0.6830
1394 0.0047 0.6820
1395 0.0047 0.6820
1396 0.0047 0.6810
1397 0.0047 0.6810
1398 0.0047 0.6810
1399 0.0047 0.6830
1400 0.0047 0.6830
1401 0.0047 0.6820
1402 0.0047 0.6800
1403 0.0047 0.6820
1404 0.0047 0.6810
1405 0.0047 0.6810
1406 0.0047 0.6800
1407 0.0047 0.6820
1408 0.0047 0.6820
1409 0.0047 0.6810
1410 0.0047 0.6820
1411 0.0047 0.6830
1412 0.0047 0.6830
1413 0.0047 0.6820
1414 0.0046 0.6810
1415 0.0046 0.6810
1416 0.0047 0.6820
1417 0.0047 0.6830
1418 0.0047 0.6830
1419 0.0047 0.6810
1420 0.0047 0.6820
1421 0.0047 0.6810
1422 0.0047 0.6810
1423 0.0047 0.6820
1424 0.0047 0.6830
1425 0.0047 0.6830
1426 0.0047 0.6830
1427 0.0047 0.6810
1428 0.0047 0.6830
1429 0.0047 0.6810
1430 0.0046 0.6830
1431 0.0046 0.6820
1432 0.0046 0.6820
1433 0.0047 0.6820
1434 0.0047 0.6810
1435 0.0047 0.6810
1436 0.0047 0.6810
1437 0.0047 0.6820
1438 0.0047 0.6830
1439 0.0047 0.6820
1440 0.0047 0.6810
1441 0.0047 0.6830
1442 0.0047 0.6830
1443 0.0047 0.6830
1444 0.0046 0.6810
1445 0.0047 0.6810
1446 0.0046 0.6820
1447 0.0046 0.6810
1448 0.0047 0.6820
1449 0.0047 0.6820
1450 0.0047 0.6830
1451 0.0047 0.6830
1452 0.0047 0.6810
1453 0.0046 0.6820
1454 0.0046 0.6830
1455 0.0046 0.6830
1456 0.0046 0.6830
1457 0.0047 0.6810
1458 0.0046 0.6810
1459 0.0046 0.6820
1460 0.0046 0.6820
1461 0.0046 0.6810
1462 0.0047 0.6810
1463 0.0047 0.6830
1464 0.0047 0.6830
1465 0.0047 0.6830
1466 0.0047 0.6830
1467 0.0047 0.6810
1468 0.0047 0.6810
1469 0.0047 0.6830
1470 0.0047 0.6830
1471 0.0047 0.6830
1472 0.0047 0.6830
1473 0.0046 0.6830
1474 0.0046 0.6830
1475 0.0046 0.6820
1476 0.0046 0.6810
1477 0.0046 0.6810
1478 0.0046 0.6830
1479 0.0046 0.6830
1480 0.0046 0.6830
1481 0.0047 0.6820
1482 0.0047 0.6820
1483 0.0047 0.6820
1484 0.0047 0.6830
1485 0.0047 0.6830
1486 0.0047 0.6820
1487 0.0046 0.6810
1488 0.0046 0.6810
1489 0.0046 0.6810
1490 0.0046 0.6830
1491 0.0046 0.6830
1492 0.0046 0.6830
1493 0.0046 0.6830
1494 0.0046 0.6820
1495 0.0046 0.6820
1496 0.0046 0.6830
1497 0.0046 0.6830
1498 0.0046 0.6830
1499 0.0046 0.6830
1500 0.0046 0.6830
1501 0.0046 0.6830
1502 0.0046 0.6830
1503 0.0046 0.6830
1504 0.0046 0.6830
1505 0.0046 0.6830
1506 0.0046 0.6830
1507 0.0046 0.6830
1508 0.0046 0.6830
1509 0.0046 0.6820
1510 0.0046 0.6810
1511 0.0046 0.6820
1512 0.0046 0.6820
1513 0.0046 0.6830
1514 0.0046 0.6830
1515 0.0046 0.6830
1516 0.0046 0.6840
1517 0.0047 0.6820
1518 0.0047 0.6820
1519 0.0046 0.6830
1520 0.0046 0.6830
1521 0.0046 0.6830
1522 0.0046 0.6830
1523 0.0046 0.6830
1524 0.0046 0.6810
1525 0.0047 0.6810
1526 0.0046 0.6830
1527 0.0046 0.6830
1528 0.0046 0.6830
1529 0.0046 0.6830
1530 0.0046 0.6820
1531 0.0046 0.6820
1532 0.0046 0.6810
1533 0.0046 0.6820
1534 0.0046 0.6830
1535 0.0046 0.6830
1536 0.0046 0.6830
1537 0.0046 0.6820
1538 0.0046 0.6830
1539 0.0046 0.6830
1540 0.0046 0.6830
1541 0.0046 0.6820
1542 0.0046 0.6830
1543 0.0046 0.6830
1544 0.0046 0.6830
1545 0.0046 0.6830
1546 0.0046 0.6830
1547 0.0046 0.6830
1548 0.0046 0.6830
1549 0.0046 0.6830
1550 0.0046 0.6830
1551 0.0046 0.6830
1552 0.0046 0.6830
1553 0.0046 0.6830
1554 0.0046 0.6830
1555 0.0046 0.6830
1556 0.0046 0.6820
1557 0.0046 0.6830
1558 0.0046 0.6830
1559 0.0046 0.6830
1560 0.0046 0.6830
1561 0.0046 0.6830
1562 0.0046 0.6810
1563 0.0046 0.6820
1564 0.0046 0.6820
1565 0.0046 0.6820
1566 0.0046 0.6820
1567 0.0046 0.6820
1568 0.0046 0.6810
1569 0.0046 0.6810
1570 0.0046 0.6830
1571 0.0046 0.6820
1572 0.0046 0.6830
1573 0.0046 0.6820
1574 0.0046 0.6820
1575 0.0046 0.6820
1576 0.0046 0.6830
1577 0.0046 0.6830
1578 0.0046 0.6830
1579 0.0046 0.6820
1580 0.0046 0.6820
1581 0.0046 0.6820
1582 0.0046 0.6820
1583 0.0046 0.6820
1584 0.0046 0.6830
1585 0.0046 0.6830
1586 0.0046 0.6830
1587 0.0046 0.6830
1588 0.0046 0.6830
1589 0.0046 0.6840
1590 0.0046 0.6820
1591 0.0046 0.6830
1592 0.0046 0.6830
1593 0.0046 0.6830
1594 0.0046 0.6820
1595 0.0046 0.6830
1596 0.0046 0.6830
1597 0.0046 0.6830
1598 0.0046 0.6830
1599 0.0046 0.6830
1600 0.0046 0.6820
1601 0.0046 0.6820
1602 0.0046 0.6830
1603 0.0046 0.6830
1604 0.0046 0.6830
1605 0.0046 0.6830
1606 0.0046 0.6830
1607 0.0046 0.6830
1608 0.0046 0.6830
1609 0.0046 0.6830
1610 0.0046 0.6830
1611 0.0046 0.6820
1612 0.0046 0.6820
1613 0.0046 0.6830
1614 0.0046 0.6830
1615 0.0046 0.6830
1616 0.0046 0.6830
1617 0.0046 0.6820
1618 0.0046 0.6820
1619 0.0046 0.6830
1620 0.0046 0.6830
1621 0.0046 0.6820
1622 0.0046 0.6820
1623 0.0046 0.6830
1624 0.0046 0.6820
1625 0.0046 0.6810
1626 0.0046 0.6820
1627 0.0046 0.6820
1628 0.0046 0.6810
1629 0.0046 0.6820
1630 0.0046 0.6830
1631 0.0046 0.6830
1632 0.0046 0.6830
1633 0.0046 0.6830
1634 0.0046 0.6810
1635 0.0046 0.6820
1636 0.0046 0.6830
1637 0.0046 0.6830
1638 0.0046 0.6830
1639 0.0046 0.6830
1640 0.0046 0.6810
1641 0.0046 0.6800
1642 0.0046 0.6820
1643 0.0046 0.6820
1644 0.0046 0.6820
1645 0.0046 0.6820
1646 0.0046 0.6820
1647 0.0046 0.6810
1648 0.0046 0.6830
1649 0.0046 0.6830
1650 0.0046 0.6840
1651 0.0046 0.6830
1652 0.0046 0.6830
1653 0.0046 0.6830
1654 0.0046 0.6830
1655 0.0046 0.6830
1656 0.0046 0.6820
1657 0.0046 0.6820
1658 0.0046 0.6820
1659 0.0046 0.6820
1660 0.0046 0.6810
1661 0.0046 0.6830
1662 0.0046 0.6830
1663 0.0046 0.6830
1664 0.0046 0.6830
1665 0.0046 0.6820
1666 0.0046 0.6830
1667 0.0046 0.6830
1668 0.0046 0.6830
1669 0.0046 0.6830
1670 0.0046 0.6820
1671 0.0046 0.6820
1672 0.0046 0.6830
1673 0.0046 0.6830
1674 0.0046 0.6820
1675 0.0046 0.6820
1676 0.0046 0.6830
1677 0.0046 0.6820
1678 0.0046 0.6820
1679 0.0046 0.6820
1680 0.0046 0.6830
1681 0.0046 0.6830
1682 0.0046 0.6830
1683 0.0046 0.6840
1684 0.0046 0.6830
1685 0.0046 0.6820
1686 0.0046 0.6830
1687 0.0046 0.6830
1688 0.0046 0.6830
1689 0.0046 0.6820
1690 0.0046 0.6820
1691 0.0046 0.6820
1692 0.0046 0.6820
1693 0.0046 0.6840
1694 0.0046 0.6830
1695 0.0046 0.6820
1696 0.0046 0.6830
1697 0.0046 0.6830
1698 0.0046 0.6830
1699 0.0046 0.6830
1700 0.0046 0.6820
1701 0.0046 0.6820
1702 0.0046 0.6820
1703 0.0046 0.6820
1704 0.0046 0.6830
1705 0.0046 0.6830
1706 0.0046 0.6810
1707 0.0046 0.6830
1708 0.0046 0.6830
1709 0.0046 0.6830
1710 0.0046 0.6810
1711 0.0046 0.6820
1712 0.0046 0.6830
1713 0.0046 0.6820
1714 0.0046 0.6820
1715 0.0046 0.6820
1716 0.0046 0.6820
1717 0.0046 0.6840
1718 0.0046 0.6840
1719 0.0046 0.6830
1720 0.0046 0.6830
1721 0.0046 0.6830
1722 0.0046 0.6830
1723 0.0046 0.6820
1724 0.0046 0.6820
1725 0.0046 0.6820
1726 0.0046 0.6820
1727 0.0046 0.6820
1728 0.0046 0.6830
1729 0.0046 0.6820
1730 0.0046 0.6820
1731 0.0046 0.6830
1732 0.0046 0.6830
1733 0.0046 0.6820
1734 0.0046 0.6810
1735 0.0046 0.6830
1736 0.0046 0.6820
1737 0.0046 0.6820
1738 0.0046 0.6820
1739 0.0046 0.6830
1740 0.0046 0.6830
1741 0.0046 0.6810
1742 0.0046 0.6820
1743 0.0046 0.6830
1744 0.0046 0.6830
1745 0.0046 0.6830
1746 0.0046 0.6810
1747 0.0046 0.6810
1748 0.0046 0.6810
1749 0.0046 0.6820
1750 0.0046 0.6820
1751 0.0046 0.6820
1752 0.0046 0.6830
1753 0.0046 0.6820
1754 0.0046 0.6830
1755 0.0046 0.6820
1756 0.0046 0.6830
1757 0.0046 0.6820
1758 0.0046 0.6820
1759 0.0046 0.6810
1760 0.0046 0.6820
1761 0.0046 0.6840
1762 0.0046 0.6830
1763 0.0046 0.6830
1764 0.0046 0.6830
1765 0.0046 0.6830
1766 0.0046 0.6830
1767 0.0046 0.6830
1768 0.0046 0.6830
1769 0.0046 0.6820
1770 0.0046 0.6820
1771 0.0046 0.6820
1772 0.0046 0.6820
1773 0.0046 0.6830
1774 0.0046 0.6820
1775 0.0046 0.6820
1776 0.0046 0.6830
1777 0.0046 0.6830
1778 0.0046 0.6820
1779 0.0046 0.6820
1780 0.0046 0.6820
1781 0.0046 0.6810
1782 0.0046 0.6820
1783 0.0046 0.6820
1784 0.0046 0.6820
1785 0.0046 0.6830
1786 0.0046 0.6810
1787 0.0046 0.6820
1788 0.0046 0.6820
1789 0.0046 0.6830
1790 0.0046 0.6820
1791 0.0046 0.6830
1792 0.0046 0.6840
1793 0.0046 0.6830
1794 0.0046 0.6820
1795 0.0046 0.6820
1796 0.0046 0.6820
1797 0.0046 0.6820
1798 0.0046 0.6820
1799 0.0046 0.6820
1800 0.0046 0.6820
1801 0.0046 0.6810
1802 0.0046 0.6820
1803 0.0046 0.6830
1804 0.0046 0.6830
1805 0.0046 0.6820
1806 0.0046 0.6810
1807 0.0046 0.6820
1808 0.0046 0.6820
1809 0.0046 0.6820
1810 0.0046 0.6820
1811 0.0046 0.6820
1812 0.0046 0.6820
1813 0.0046 0.6810
1814 0.0046 0.6820
1815 0.0046 0.6810
1816 0.0046 0.6810
1817 0.0046 0.6820
1818 0.0046 0.6820
1819 0.0046 0.6820
1820 0.0046 0.6820
1821 0.0046 0.6800
1822 0.0046 0.6830
1823 0.0046 0.6820
1824 0.0046 0.6810
1825 0.0046 0.6800
1826 0.0046 0.6820
1827 0.0046 0.6830
1828 0.0046 0.6820
1829 0.0046 0.6810
1830 0.0046 0.6820
1831 0.0046 0.6820
1832 0.0046 0.6810
1833 0.0046 0.6820
1834 0.0046 0.6820
1835 0.0046 0.6820
1836 0.0046 0.6820
1837 0.0046 0.6820
1838 0.0046 0.6820
1839 0.0046 0.6820
1840 0.0046 0.6820
1841 0.0046 0.6820
1842 0.0046 0.6820
1843 0.0046 0.6820
1844 0.0046 0.6820
1845 0.0046 0.6820
1846 0.0046 0.6830
1847 0.0046 0.6820
1848 0.0046 0.6820
1849 0.0046 0.6830
1850 0.0046 0.6820
1851 0.0046 0.6820
1852 0.0046 0.6820
1853 0.0046 0.6810
1854 0.0046 0.6820
1855 0.0046 0.6820
1856 0.0046 0.6830
1857 0.0046 0.6820
1858 0.0046 0.6810
1859 0.0046 0.6820
1860 0.0046 0.6820
1861 0.0046 0.6810
1862 0.0046 0.6820
1863 0.0046 0.6830
1864 0.0046 0.6820
1865 0.0046 0.6820
1866 0.0046 0.6820
1867 0.0046 0.6820
1868 0.0046 0.6800
1869 0.0046 0.6810
1870 0.0046 0.6820
1871 0.0046 0.6820
1872 0.0046 0.6820
1873 0.0046 0.6820
1874 0.0046 0.6820
1875 0.0046 0.6820
1876 0.0046 0.6820
1877 0.0046 0.6820
1878 0.0046 0.6820
1879 0.0046 0.6810
1880 0.0046 0.6820
1881 0.0046 0.6820
1882 0.0046 0.6820
1883 0.0046 0.6820
1884 0.0046 0.6820
1885 0.0046 0.6830
1886 0.0046 0.6810
1887 0.0046 0.6820
1888 0.0046 0.6820
1889 0.0046 0.6820
1890 0.0046 0.6820
1891 0.0046 0.6820
1892 0.0046 0.6820
1893 0.0046 0.6810
1894 0.0046 0.6810
1895 0.0046 0.6820
1896 0.0046 0.6810
1897 0.0046 0.6820
1898 0.0046 0.6830
1899 0.0046 0.6820
1900 0.0046 0.6820
1901 0.0046 0.6820
1902 0.0046 0.6820
1903 0.0046 0.6810
1904 0.0046 0.6820
1905 0.0046 0.6820
1906 0.0046 0.6810
1907 0.0046 0.6810
1908 0.0046 0.6810
1909 0.0046 0.6810
1910 0.0046 0.6820
1911 0.0046 0.6810
1912 0.0046 0.6820
1913 0.0046 0.6820
1914 0.0046 0.6810
1915 0.0046 0.6810
1916 0.0046 0.6820
1917 0.0046 0.6820
1918 0.0046 0.6840
1919 0.0046 0.6830
1920 0.0046 0.6810
1921 0.0046 0.6820
1922 0.0046 0.6810
1923 0.0046 0.6800
1924 0.0046 0.6820
1925 0.0046 0.6810
1926 0.0046 0.6810
1927 0.0046 0.6830
1928 0.0046 0.6830
1929 0.0046 0.6820
1930 0.0046 0.6830
1931 0.0046 0.6820
1932 0.0046 0.6810
1933 0.0046 0.6820
1934 0.0046 0.6830
1935 0.0046 0.6820
1936 0.0046 0.6810
1937 0.0046 0.6810
1938 0.0046 0.6810
1939 0.0046 0.6810
1940 0.0046 0.6820
1941 0.0046 0.6820
1942 0.0046 0.6810
1943 0.0046 0.6820
1944 0.0046 0.6840
1945 0.0046 0.6820
1946 0.0046 0.6810
1947 0.0046 0.6820
1948 0.0046 0.6810
1949 0.0046 0.6810
1950 0.0046 0.6810
1951 0.0046 0.6820
1952 0.0046 0.6820
1953 0.0046 0.6820
1954 0.0046 0.6810
1955 0.0046 0.6820
1956 0.0046 0.6800
1957 0.0046 0.6790
1958 0.0046 0.6820
1959 0.0046 0.6810
1960 0.0046 0.6820
1961 0.0046 0.6820
1962 0.0046 0.6830
1963 0.0046 0.6820
1964 0.0046 0.6820
1965 0.0046 0.6810
1966 0.0046 0.6820
1967 0.0046 0.6820
1968 0.0046 0.6810
1969 0.0046 0.6800
1970 0.0046 0.6820
1971 0.0046 0.6820
1972 0.0046 0.6820
1973 0.0046 0.6820
1974 0.0046 0.6820
1975 0.0046 0.6820
1976 0.0046 0.6820
1977 0.0046 0.6820
1978 0.0046 0.6820
1979 0.0046 0.6820
1980 0.0046 0.6820
1981 0.0046 0.6820
1982 0.0046 0.6820
1983 0.0046 0.6830
1984 0.0046 0.6820
1985 0.0046 0.6820
1986 0.0046 0.6820
1987 0.0046 0.6820
1988 0.0046 0.6820
1989 0.0046 0.6820
1990 0.0046 0.6820
1991 0.0046 0.6820
1992 0.0046 0.6820
1993 0.0046 0.6810
1994 0.0046 0.6810
1995 0.0046 0.6810
1996 0.0046 0.6820
1997 0.0046 0.6820
1998 0.0046 0.6830
1999 0.0046 0.6810
