00 1.1084 0.1800
01 1.1004 0.1800
02 1.0938 0.1800
03 1.0858 0.1800
04 1.0758 0.3790
05 1.0640 0.5050
06 1.0509 0.5240
07 1.0369 0.5180
08 1.0220 0.5290
09 1.0058 0.5590
10 0.9884 0.6010
11 0.9697 0.6320
12 0.9499 0.6500
13 0.9290 0.6710
14 0.9070 0.6930
15 0.8842 0.7010
16 0.8604 0.7120
17 0.8359 0.7150
18 0.8108 0.7180
19 0.7850 0.7210
20 0.7587 0.7310
21 0.7321 0.7320
22 0.7051 0.7340
23 0.6781 0.7350
24 0.6510 0.7380
25 0.6241 0.7450
26 0.5974 0.7430
27 0.5711 0.7430
28 0.5452 0.7390
29 0.5198 0.7450
30 0.4951 0.7490
31 0.4710 0.7490
32 0.4478 0.7510
33 0.4255 0.7540
34 0.4042 0.7560
35 0.3838 0.7590
36 0.3644 0.7640
37 0.3460 0.7650
38 0.3286 0.7650
39 0.3122 0.7700
40 0.2967 0.7750
41 0.2822 0.7750
42 0.2686 0.7780
43 0.2560 0.7750
44 0.2441 0.7810
45 0.2331 0.7800
46 0.2229 0.7780
47 0.2134 0.7780
48 0.2046 0.7810
49 0.1964 0.7790
50 0.1888 0.7800
51 0.1818 0.7800
52 0.1754 0.7820
53 0.1694 0.7810
54 0.1639 0.7820
55 0.1588 0.7820
56 0.1541 0.7820
57 0.1497 0.7810
58 0.1457 0.7800
59 0.1421 0.7820
60 0.1386 0.7820
61 0.1355 0.7810
62 0.1326 0.7810
63 0.1299 0.7800
64 0.1273 0.7800
65 0.1250 0.7800
66 0.1228 0.7810
67 0.1207 0.7800
68 0.1188 0.7810
69 0.1169 0.7800
70 0.1152 0.7810
71 0.1135 0.7820
72 0.1118 0.7810
73 0.1103 0.7800
74 0.1088 0.7790
75 0.1073 0.7800
76 0.1058 0.7800
77 0.1044 0.7790
78 0.1031 0.7800
79 0.1017 0.7800
80 0.1004 0.7800
81 0.0991 0.7790
82 0.0979 0.7770
83 0.0966 0.7770
84 0.0954 0.7780
85 0.0942 0.7770
86 0.0930 0.7770
87 0.0919 0.7770
88 0.0907 0.7750
89 0.0896 0.7740
90 0.0886 0.7750
91 0.0875 0.7740
92 0.0865 0.7740
93 0.0855 0.7740
94 0.0845 0.7760
95 0.0835 0.7760
96 0.0826 0.7760
97 0.0817 0.7760
98 0.0808 0.7760
99 0.0800 0.7760
100 0.0792 0.7750
101 0.0784 0.7740
102 0.0776 0.7740
103 0.0768 0.7750
104 0.0761 0.7750
105 0.0754 0.7760
106 0.0747 0.7760
107 0.0740 0.7760
108 0.0734 0.7760
109 0.0727 0.7750
110 0.0721 0.7750
111 0.0715 0.7750
112 0.0709 0.7750
113 0.0704 0.7760
114 0.0698 0.7760
115 0.0693 0.7760
116 0.0687 0.7750
117 0.0682 0.7750
118 0.0677 0.7760
119 0.0672 0.7760
120 0.0667 0.7760
121 0.0662 0.7760
122 0.0657 0.7760
123 0.0653 0.7760
124 0.0648 0.7770
125 0.0644 0.7780
126 0.0639 0.7790
127 0.0635 0.7790
128 0.0631 0.7790
129 0.0627 0.7790
130 0.0623 0.7790
131 0.0619 0.7780
132 0.0615 0.7780
133 0.0611 0.7780
134 0.0607 0.7790
135 0.0603 0.7790
136 0.0599 0.7790
137 0.0596 0.7790
138 0.0592 0.7790
139 0.0589 0.7780
140 0.0585 0.7790
141 0.0582 0.7790
142 0.0579 0.7790
143 0.0575 0.7790
144 0.0572 0.7780
145 0.0569 0.7800
146 0.0566 0.7790
147 0.0563 0.7790
148 0.0560 0.7790
149 0.0557 0.7790
150 0.0554 0.7790
151 0.0551 0.7790
152 0.0548 0.7790
153 0.0545 0.7790
154 0.0542 0.7790
155 0.0539 0.7790
156 0.0537 0.7790
157 0.0534 0.7790
158 0.0531 0.7790
159 0.0529 0.7790
160 0.0526 0.7790
161 0.0524 0.7790
162 0.0521 0.7780
163 0.0519 0.7780
164 0.0516 0.7780
165 0.0514 0.7780
166 0.0512 0.7770
167 0.0509 0.7780
168 0.0507 0.7770
169 0.0505 0.7780
170 0.0502 0.7780
171 0.0500 0.7780
172 0.0498 0.7780
173 0.0496 0.7770
174 0.0494 0.7770
175 0.0492 0.7780
176 0.0489 0.7790
177 0.0487 0.7780
178 0.0485 0.7790
179 0.0484 0.7760
180 0.0481 0.7780
181 0.0480 0.7770
182 0.0478 0.7770
183 0.0476 0.7790
184 0.0474 0.7780
185 0.0472 0.7780
186 0.0470 0.7780
187 0.0468 0.7770
188 0.0466 0.7780
189 0.0465 0.7780
190 0.0463 0.7780
191 0.0461 0.7780
192 0.0459 0.7780
193 0.0458 0.7780
194 0.0456 0.7780
195 0.0454 0.7780
196 0.0453 0.7780
197 0.0451 0.7780
198 0.0449 0.7780
199 0.0448 0.7780
200 0.0446 0.7780
201 0.0445 0.7780
202 0.0443 0.7780
203 0.0441 0.7780
204 0.0440 0.7780
205 0.0438 0.7780
206 0.0437 0.7780
207 0.0435 0.7790
208 0.0434 0.7770
209 0.0433 0.7790
210 0.0431 0.7780
211 0.0430 0.7780
212 0.0428 0.7780
213 0.0427 0.7770
214 0.0426 0.7770
215 0.0424 0.7780
216 0.0423 0.7770
217 0.0422 0.7770
218 0.0420 0.7770
219 0.0419 0.7760
220 0.0418 0.7760
221 0.0416 0.7760
222 0.0415 0.7760
223 0.0414 0.7760
224 0.0413 0.7760
225 0.0411 0.7760
226 0.0410 0.7760
227 0.0409 0.7760
228 0.0408 0.7760
229 0.0407 0.7760
230 0.0405 0.7760
231 0.0404 0.7770
232 0.0403 0.7760
233 0.0402 0.7760
234 0.0401 0.7760
235 0.0400 0.7760
236 0.0399 0.7760
237 0.0397 0.7760
238 0.0396 0.7760
239 0.0395 0.7760
240 0.0394 0.7760
241 0.0393 0.7760
242 0.0392 0.7770
243 0.0391 0.7760
244 0.0390 0.7770
245 0.0389 0.7770
246 0.0388 0.7770
247 0.0387 0.7770
248 0.0386 0.7770
249 0.0385 0.7770
250 0.0384 0.7770
251 0.0383 0.7760
252 0.0382 0.7770
253 0.0381 0.7760
254 0.0380 0.7770
255 0.0379 0.7760
256 0.0378 0.7770
257 0.0377 0.7760
258 0.0376 0.7770
259 0.0375 0.7760
260 0.0374 0.7760
261 0.0374 0.7770
262 0.0373 0.7760
263 0.0372 0.7770
264 0.0371 0.7770
265 0.0370 0.7760
266 0.0369 0.7770
267 0.0368 0.7760
268 0.0368 0.7770
269 0.0367 0.7770
270 0.0366 0.7760
271 0.0365 0.7770
272 0.0364 0.7770
273 0.0363 0.7760
274 0.0363 0.7770
275 0.0362 0.7760
276 0.0361 0.7770
277 0.0360 0.7770
278 0.0359 0.7760
279 0.0359 0.7770
280 0.0358 0.7760
281 0.0357 0.7760
282 0.0356 0.7760
283 0.0356 0.7760
284 0.0355 0.7760
285 0.0354 0.7760
286 0.0353 0.7760
287 0.0353 0.7760
288 0.0352 0.7760
289 0.0351 0.7760
290 0.0351 0.7760
291 0.0350 0.7760
292 0.0349 0.7760
293 0.0348 0.7760
294 0.0348 0.7760
295 0.0347 0.7760
296 0.0346 0.7760
297 0.0346 0.7760
298 0.0345 0.7760
299 0.0344 0.7760
300 0.0344 0.7760
301 0.0343 0.7760
302 0.0342 0.7760
303 0.0342 0.7750
304 0.0341 0.7760
305 0.0340 0.7750
306 0.0340 0.7750
307 0.0339 0.7750
308 0.0339 0.7750
309 0.0338 0.7740
310 0.0337 0.7740
311 0.0337 0.7750
312 0.0336 0.7730
313 0.0335 0.7740
314 0.0335 0.7740
315 0.0334 0.7750
316 0.0334 0.7740
317 0.0333 0.7740
318 0.0332 0.7750
319 0.0332 0.7740
320 0.0331 0.7740
321 0.0331 0.7730
322 0.0330 0.7740
323 0.0330 0.7730
324 0.0329 0.7740
325 0.0329 0.7730
326 0.0328 0.7740
327 0.0327 0.7740
328 0.0327 0.7730
329 0.0326 0.7730
330 0.0326 0.7720
331 0.0325 0.7720
332 0.0325 0.7720
333 0.0324 0.7730
334 0.0324 0.7720
335 0.0323 0.7730
336 0.0323 0.7720
337 0.0322 0.7730
338 0.0322 0.7730
339 0.0321 0.7730
340 0.0321 0.7730
341 0.0320 0.7730
342 0.0320 0.7730
343 0.0319 0.7720
344 0.0319 0.7710
345 0.0318 0.7730
346 0.0318 0.7730
347 0.0317 0.7720
348 0.0317 0.7710
349 0.0316 0.7720
350 0.0316 0.7720
351 0.0315 0.7730
352 0.0315 0.7720
353 0.0315 0.7720
354 0.0314 0.7710
355 0.0314 0.7720
356 0.0313 0.7710
357 0.0313 0.7710
358 0.0312 0.7720
359 0.0312 0.7710
360 0.0311 0.7720
361 0.0311 0.7710
362 0.0311 0.7710
363 0.0310 0.7710
364 0.0310 0.7710
365 0.0309 0.7710
366 0.0309 0.7710
367 0.0308 0.7710
368 0.0308 0.7720
369 0.0308 0.7710
370 0.0307 0.7710
371 0.0307 0.7710
372 0.0306 0.7710
373 0.0306 0.7710
374 0.0306 0.7710
375 0.0305 0.7710
376 0.0305 0.7710
377 0.0304 0.7710
378 0.0304 0.7710
379 0.0303 0.7710
380 0.0303 0.7710
381 0.0303 0.7720
382 0.0302 0.7710
383 0.0302 0.7710
384 0.0302 0.7710
385 0.0301 0.7710
386 0.0301 0.7710
387 0.0301 0.7710
388 0.0300 0.7710
389 0.0300 0.7710
390 0.0299 0.7710
391 0.0299 0.7710
392 0.0299 0.7710
393 0.0298 0.7710
394 0.0298 0.7710
395 0.0298 0.7710
396 0.0297 0.7710
397 0.0297 0.7710
398 0.0297 0.7710
399 0.0296 0.7710
400 0.0296 0.7710
401 0.0296 0.7710
402 0.0295 0.7710
403 0.0295 0.7710
404 0.0295 0.7710
405 0.0294 0.7710
406 0.0294 0.7710
407 0.0294 0.7710
408 0.0293 0.7720
409 0.0293 0.7710
410 0.0293 0.7710
411 0.0292 0.7710
412 0.0292 0.7710
413 0.0292 0.7710
414 0.0291 0.7710
415 0.0291 0.7710
416 0.0291 0.7710
417 0.0291 0.7710
418 0.0290 0.7710
419 0.0290 0.7710
420 0.0290 0.7710
421 0.0289 0.7710
422 0.0289 0.7710
423 0.0289 0.7710
424 0.0288 0.7710
425 0.0288 0.7710
426 0.0288 0.7710
427 0.0288 0.7710
428 0.0287 0.7710
429 0.0287 0.7710
430 0.0287 0.7710
431 0.0286 0.7710
432 0.0286 0.7710
433 0.0286 0.7710
434 0.0286 0.7710
435 0.0285 0.7710
436 0.0285 0.7710
437 0.0285 0.7710
438 0.0285 0.7710
439 0.0284 0.7710
440 0.0284 0.7710
441 0.0284 0.7710
442 0.0283 0.7710
443 0.0283 0.7710
444 0.0283 0.7710
445 0.0283 0.7710
446 0.0282 0.7710
447 0.0282 0.7710
448 0.0282 0.7710
449 0.0282 0.7710
450 0.0281 0.7710
451 0.0281 0.7710
452 0.0281 0.7710
453 0.0281 0.7710
454 0.0280 0.7710
455 0.0280 0.7710
456 0.0280 0.7710
457 0.0280 0.7710
458 0.0279 0.7710
459 0.0279 0.7710
460 0.0279 0.7710
461 0.0279 0.7710
462 0.0279 0.7710
463 0.0278 0.7710
464 0.0278 0.7710
465 0.0278 0.7710
466 0.0277 0.7710
467 0.0277 0.7710
468 0.0277 0.7710
469 0.0277 0.7710
470 0.0277 0.7710
471 0.0276 0.7710
472 0.0276 0.7710
473 0.0276 0.7710
474 0.0276 0.7710
475 0.0275 0.7710
476 0.0275 0.7710
477 0.0275 0.7710
478 0.0275 0.7710
479 0.0275 0.7710
480 0.0274 0.7710
481 0.0274 0.7710
482 0.0274 0.7710
483 0.0274 0.7710
484 0.0274 0.7710
485 0.0273 0.7710
486 0.0273 0.7710
487 0.0273 0.7710
488 0.0273 0.7710
489 0.0273 0.7710
490 0.0272 0.7710
491 0.0272 0.7710
492 0.0272 0.7710
493 0.0272 0.7710
494 0.0271 0.7710
495 0.0271 0.7710
496 0.0271 0.7710
497 0.0271 0.7710
498 0.0271 0.7710
499 0.0271 0.7710
500 0.0270 0.7710
501 0.0270 0.7710
502 0.0270 0.7710
503 0.0270 0.7710
504 0.0270 0.7710
505 0.0269 0.7710
506 0.0269 0.7710
507 0.0269 0.7720
508 0.0269 0.7710
509 0.0269 0.7710
510 0.0269 0.7710
511 0.0268 0.7710
512 0.0268 0.7720
513 0.0268 0.7710
514 0.0268 0.7710
515 0.0268 0.7710
516 0.0267 0.7710
517 0.0267 0.7710
518 0.0267 0.7710
519 0.0267 0.7710
520 0.0267 0.7710
521 0.0267 0.7710
522 0.0266 0.7710
523 0.0266 0.7720
524 0.0266 0.7710
525 0.0266 0.7710
526 0.0266 0.7710
527 0.0266 0.7710
528 0.0265 0.7720
529 0.0265 0.7710
530 0.0265 0.7710
531 0.0265 0.7710
532 0.0265 0.7710
533 0.0265 0.7710
534 0.0264 0.7720
535 0.0264 0.7710
536 0.0264 0.7710
537 0.0264 0.7710
538 0.0264 0.7710
539 0.0264 0.7710
540 0.0263 0.7710
541 0.0263 0.7710
542 0.0263 0.7710
543 0.0263 0.7710
544 0.0263 0.7710
545 0.0263 0.7710
546 0.0262 0.7710
547 0.0262 0.7720
548 0.0262 0.7710
549 0.0262 0.7710
550 0.0262 0.7710
551 0.0262 0.7710
552 0.0262 0.7720
553 0.0262 0.7710
554 0.0261 0.7720
555 0.0261 0.7710
556 0.0261 0.7710
557 0.0261 0.7710
558 0.0261 0.7710
559 0.0261 0.7720
560 0.0260 0.7710
561 0.0260 0.7730
562 0.0260 0.7710
563 0.0260 0.7720
564 0.0260 0.7710
565 0.0260 0.7710
566 0.0260 0.7710
567 0.0259 0.7710
568 0.0259 0.7720
569 0.0259 0.7710
570 0.0259 0.7720
571 0.0259 0.7710
572 0.0259 0.7720
573 0.0259 0.7710
574 0.0259 0.7710
575 0.0258 0.7710
576 0.0258 0.7710
577 0.0258 0.7710
578 0.0258 0.7710
579 0.0258 0.7720
580 0.0258 0.7710
581 0.0258 0.7720
582 0.0258 0.7710
583 0.0257 0.7710
584 0.0257 0.7710
585 0.0257 0.7710
586 0.0257 0.7720
587 0.0257 0.7710
588 0.0257 0.7730
589 0.0257 0.7710
590 0.0257 0.7720
591 0.0256 0.7710
592 0.0256 0.7710
593 0.0256 0.7710
594 0.0256 0.7710
595 0.0256 0.7730
596 0.0256 0.7710
597 0.0256 0.7730
598 0.0256 0.7710
599 0.0256 0.7720
600 0.0255 0.7710
601 0.0255 0.7710
602 0.0255 0.7710
603 0.0255 0.7710
604 0.0255 0.7710
605 0.0255 0.7710
606 0.0255 0.7730
607 0.0255 0.7710
608 0.0255 0.7730
609 0.0254 0.7710
610 0.0254 0.7720
611 0.0254 0.7710
612 0.0254 0.7710
613 0.0254 0.7720
614 0.0254 0.7710
615 0.0254 0.7720
616 0.0254 0.7710
617 0.0254 0.7720
618 0.0254 0.7710
619 0.0253 0.7710
620 0.0253 0.7710
621 0.0253 0.7710
622 0.0253 0.7720
623 0.0253 0.7710
624 0.0253 0.7730
625 0.0253 0.7710
626 0.0253 0.7730
627 0.0253 0.7710
628 0.0252 0.7730
629 0.0252 0.7710
630 0.0252 0.7720
631 0.0252 0.7710
632 0.0252 0.7720
633 0.0252 0.7710
634 0.0252 0.7720
635 0.0252 0.7710
636 0.0252 0.7720
637 0.0252 0.7710
638 0.0251 0.7720
639 0.0251 0.7710
640 0.0251 0.7720
641 0.0251 0.7710
642 0.0251 0.7710
643 0.0251 0.7720
644 0.0251 0.7710
645 0.0251 0.7720
646 0.0251 0.7710
647 0.0251 0.7720
648 0.0250 0.7710
649 0.0250 0.7710
650 0.0250 0.7720
651 0.0250 0.7710
652 0.0250 0.7730
653 0.0250 0.7710
654 0.0250 0.7730
655 0.0250 0.7710
656 0.0250 0.7730
657 0.0250 0.7710
658 0.0250 0.7720
659 0.0249 0.7710
660 0.0249 0.7720
661 0.0249 0.7710
662 0.0249 0.7720
663 0.0249 0.7720
664 0.0249 0.7720
665 0.0249 0.7720
666 0.0249 0.7720
667 0.0249 0.7710
668 0.0249 0.7720
669 0.0249 0.7710
670 0.0249 0.7720
671 0.0249 0.7710
672 0.0248 0.7730
673 0.0248 0.7710
674 0.0248 0.7730
675 0.0248 0.7710
676 0.0248 0.7730
677 0.0248 0.7710
678 0.0248 0.7720
679 0.0248 0.7720
680 0.0248 0.7710
681 0.0248 0.7720
682 0.0248 0.7710
683 0.0248 0.7720
684 0.0247 0.7710
685 0.0247 0.7720
686 0.0247 0.7710
687 0.0247 0.7730
688 0.0247 0.7710
689 0.0247 0.7730
690 0.0247 0.7710
691 0.0247 0.7730
692 0.0247 0.7710
693 0.0247 0.7730
694 0.0247 0.7710
695 0.0247 0.7730
696 0.0247 0.7710
697 0.0246 0.7730
698 0.0246 0.7710
699 0.0246 0.7720
700 0.0246 0.7730
701 0.0246 0.7710
702 0.0246 0.7730
703 0.0246 0.7710
704 0.0246 0.7730
705 0.0246 0.7710
706 0.0246 0.7730
707 0.0246 0.7710
708 0.0246 0.7730
709 0.0246 0.7710
710 0.0246 0.7730
711 0.0245 0.7710
712 0.0245 0.7720
713 0.0245 0.7730
714 0.0245 0.7710
715 0.0245 0.7730
716 0.0245 0.7710
717 0.0245 0.7730
718 0.0245 0.7710
719 0.0245 0.7730
720 0.0245 0.7710
721 0.0245 0.7730
722 0.0245 0.7710
723 0.0245 0.7730
724 0.0245 0.7720
725 0.0245 0.7710
726 0.0244 0.7730
727 0.0244 0.7710
728 0.0244 0.7730
729 0.0244 0.7710
730 0.0244 0.7730
731 0.0244 0.7710
732 0.0244 0.7730
733 0.0244 0.7710
734 0.0244 0.7710
735 0.0244 0.7730
736 0.0244 0.7710
737 0.0244 0.7730
738 0.0244 0.7710
739 0.0244 0.7730
740 0.0244 0.7710
741 0.0244 0.7730
742 0.0243 0.7710
743 0.0243 0.7730
744 0.0243 0.7710
745 0.0243 0.7720
746 0.0243 0.7720
747 0.0243 0.7720
748 0.0243 0.7710
749 0.0243 0.7730
750 0.0243 0.7710
751 0.0243 0.7730
752 0.0243 0.7710
753 0.0243 0.7730
754 0.0243 0.7710
755 0.0243 0.7720
756 0.0243 0.7710
757 0.0243 0.7730
758 0.0243 0.7710
759 0.0242 0.7730
760 0.0242 0.7730
761 0.0242 0.7710
762 0.0242 0.7730
763 0.0242 0.7710
764 0.0242 0.7730
765 0.0242 0.7710
766 0.0242 0.7730
767 0.0242 0.7710
768 0.0242 0.7720
769 0.0242 0.7710
770 0.0242 0.7730
771 0.0242 0.7710
772 0.0242 0.7720
773 0.0242 0.7720
774 0.0242 0.7710
775 0.0242 0.7730
776 0.0241 0.7710
777 0.0242 0.7730
778 0.0241 0.7710
779 0.0241 0.7730
780 0.0241 0.7710
781 0.0241 0.7710
782 0.0241 0.7730
783 0.0241 0.7710
784 0.0241 0.7720
785 0.0241 0.7710
786 0.0241 0.7720
787 0.0241 0.7710
788 0.0241 0.7720
789 0.0241 0.7710
790 0.0241 0.7730
791 0.0241 0.7710
792 0.0241 0.7720
793 0.0241 0.7730
794 0.0241 0.7710
795 0.0241 0.7730
796 0.0241 0.7700
797 0.0240 0.7720
798 0.0240 0.7710
799 0.0240 0.7730
800 0.0240 0.7710
801 0.0240 0.7720
802 0.0240 0.7720
803 0.0240 0.7710
804 0.0240 0.7730
805 0.0240 0.7720
806 0.0240 0.7720
807 0.0240 0.7730
808 0.0240 0.7700
809 0.0240 0.7720
810 0.0240 0.7710
811 0.0240 0.7720
812 0.0240 0.7710
813 0.0240 0.7720
814 0.0240 0.7700
815 0.0240 0.7730
816 0.0240 0.7700
817 0.0240 0.7720
818 0.0240 0.7710
819 0.0240 0.7720
820 0.0239 0.7710
821 0.0239 0.7720
822 0.0239 0.7710
823 0.0239 0.7730
824 0.0239 0.7720
825 0.0239 0.7720
826 0.0239 0.7720
827 0.0239 0.7700
828 0.0239 0.7730
829 0.0239 0.7700
830 0.0239 0.7720
831 0.0239 0.7710
832 0.0239 0.7720
833 0.0239 0.7710
834 0.0239 0.7720
835 0.0239 0.7710
836 0.0239 0.7720
837 0.0239 0.7700
838 0.0239 0.7720
839 0.0239 0.7720
840 0.0239 0.7720
841 0.0239 0.7720
842 0.0239 0.7730
843 0.0239 0.7720
844 0.0239 0.7720
845 0.0238 0.7730
846 0.0238 0.7710
847 0.0238 0.7730
848 0.0238 0.7720
849 0.0238 0.7720
850 0.0238 0.7720
851 0.0238 0.7720
852 0.0238 0.7720
853 0.0238 0.7700
854 0.0238 0.7720
855 0.0238 0.7700
856 0.0238 0.7720
857 0.0238 0.7700
858 0.0238 0.7720
859 0.0238 0.7710
860 0.0238 0.7720
861 0.0238 0.7710
862 0.0238 0.7720
863 0.0238 0.7710
864 0.0238 0.7720
865 0.0237 0.7720
866 0.0237 0.7710
867 0.0237 0.7720
868 0.0238 0.7700
869 0.0238 0.7720
870 0.0238 0.7700
871 0.0238 0.7720
872 0.0238 0.7710
873 0.0237 0.7720
874 0.0237 0.7720
875 0.0237 0.7710
876 0.0237 0.7720
877 0.0237 0.7710
878 0.0237 0.7720
879 0.0237 0.7700
880 0.0237 0.7730
881 0.0237 0.7720
882 0.0237 0.7710
883 0.0237 0.7720
884 0.0237 0.7700
885 0.0237 0.7720
886 0.0237 0.7700
887 0.0237 0.7720
888 0.0237 0.7720
889 0.0237 0.7700
890 0.0237 0.7720
891 0.0237 0.7700
892 0.0237 0.7720
893 0.0237 0.7720
894 0.0237 0.7720
895 0.0237 0.7720
896 0.0237 0.7710
897 0.0237 0.7720
898 0.0237 0.7700
899 0.0237 0.7720
900 0.0237 0.7700
901 0.0237 0.7720
902 0.0236 0.7710
903 0.0236 0.7720
904 0.0236 0.7720
905 0.0236 0.7700
906 0.0236 0.7720
907 0.0236 0.7720
908 0.0236 0.7720
909 0.0236 0.7720
910 0.0236 0.7720
911 0.0236 0.7720
912 0.0236 0.7720
913 0.0236 0.7720
914 0.0236 0.7720
915 0.0236 0.7720
916 0.0236 0.7720
917 0.0236 0.7720
918 0.0236 0.7720
919 0.0236 0.7720
920 0.0236 0.7720
921 0.0236 0.7710
922 0.0236 0.7720
923 0.0236 0.7700
924 0.0236 0.7720
925 0.0236 0.7700
926 0.0236 0.7720
927 0.0236 0.7700
928 0.0236 0.7720
929 0.0236 0.7700
930 0.0236 0.7720
931 0.0236 0.7720
932 0.0235 0.7720
933 0.0236 0.7720
934 0.0235 0.7700
935 0.0236 0.7720
936 0.0235 0.7700
937 0.0235 0.7720
938 0.0235 0.7700
939 0.0235 0.7720
940 0.0235 0.7710
941 0.0235 0.7720
942 0.0235 0.7720
943 0.0235 0.7720
944 0.0235 0.7720
945 0.0235 0.7710
946 0.0235 0.7720
947 0.0235 0.7700
948 0.0235 0.7720
949 0.0235 0.7700
950 0.0235 0.7720
951 0.0235 0.7700
952 0.0235 0.7720
953 0.0235 0.7700
954 0.0235 0.7720
955 0.0235 0.7720
956 0.0235 0.7720
957 0.0235 0.7720
958 0.0235 0.7700
959 0.0235 0.7720
960 0.0235 0.7710
961 0.0235 0.7720
962 0.0235 0.7710
963 0.0235 0.7720
964 0.0235 0.7720
965 0.0235 0.7720
966 0.0235 0.7720
967 0.0235 0.7710
968 0.0235 0.7720
969 0.0235 0.7700
970 0.0235 0.7720
971 0.0235 0.7700
972 0.0235 0.7720
973 0.0235 0.7700
974 0.0235 0.7720
975 0.0234 0.7700
976 0.0234 0.7720
977 0.0234 0.7700
978 0.0234 0.7720
979 0.0234 0.7700
980 0.0234 0.7720
981 0.0234 0.7700
982 0.0234 0.7720
983 0.0234 0.7700
984 0.0234 0.7720
985 0.0234 0.7700
986 0.0234 0.7720
987 0.0234 0.7700
988 0.0234 0.7720
989 0.0234 0.7700
990 0.0234 0.7720
991 0.0234 0.7700
992 0.0234 0.7720
993 0.0234 0.7700
994 0.0234 0.7720
995 0.0234 0.7700
996 0.0234 0.7720
997 0.0234 0.7700
998 0.0234 0.7720
999 0.0234 0.7700
1000 0.0234 0.7720
1001 0.0234 0.7720
1002 0.0234 0.7720
1003 0.0234 0.7720
1004 0.0234 0.7720
1005 0.0234 0.7720
1006 0.0234 0.7720
1007 0.0234 0.7720
1008 0.0234 0.7720
1009 0.0234 0.7720
1010 0.0234 0.7710
1011 0.0234 0.7720
1012 0.0234 0.7710
1013 0.0234 0.7720
1014 0.0234 0.7700
1015 0.0234 0.7720
1016 0.0234 0.7700
1017 0.0234 0.7720
1018 0.0234 0.7700
1019 0.0234 0.7720
1020 0.0234 0.7700
1021 0.0234 0.7720
1022 0.0234 0.7700
1023 0.0233 0.7720
1024 0.0233 0.7700
1025 0.0233 0.7720
1026 0.0233 0.7710
1027 0.0233 0.7720
1028 0.0233 0.7720
1029 0.0233 0.7700
1030 0.0233 0.7720
1031 0.0233 0.7700
1032 0.0233 0.7720
1033 0.0233 0.7700
1034 0.0233 0.7720
1035 0.0233 0.7700
1036 0.0233 0.7720
1037 0.0233 0.7700
1038 0.0233 0.7720
1039 0.0233 0.7710
1040 0.0233 0.7720
1041 0.0233 0.7720
1042 0.0233 0.7700
1043 0.0233 0.7720
1044 0.0233 0.7700
1045 0.0233 0.7720
1046 0.0233 0.7700
1047 0.0233 0.7720
1048 0.0233 0.7700
1049 0.0233 0.7720
1050 0.0233 0.7720
1051 0.0233 0.7720
1052 0.0233 0.7720
1053 0.0233 0.7700
1054 0.0233 0.7720
1055 0.0233 0.7700
1056 0.0233 0.7720
1057 0.0233 0.7700
1058 0.0233 0.7720
1059 0.0233 0.7700
1060 0.0233 0.7720
1061 0.0233 0.7720
1062 0.0233 0.7710
1063 0.0233 0.7720
1064 0.0233 0.7700
1065 0.0233 0.7720
1066 0.0233 0.7700
1067 0.0233 0.7720
1068 0.0233 0.7710
1069 0.0233 0.7720
1070 0.0233 0.7720
1071 0.0233 0.7700
1072 0.0233 0.7720
1073 0.0232 0.7700
1074 0.0232 0.7720
1075 0.0232 0.7700
1076 0.0232 0.7720
1077 0.0232 0.7710
1078 0.0232 0.7720
1079 0.0232 0.7720
1080 0.0232 0.7710
1081 0.0232 0.7720
1082 0.0232 0.7700
1083 0.0232 0.7720
1084 0.0232 0.7700
1085 0.0232 0.7720
1086 0.0232 0.7720
1087 0.0232 0.7720
1088 0.0232 0.7720
1089 0.0232 0.7720
1090 0.0232 0.7720
1091 0.0232 0.7720
1092 0.0232 0.7720
1093 0.0232 0.7720
1094 0.0232 0.7720
1095 0.0232 0.7720
1096 0.0232 0.7720
1097 0.0232 0.7720
1098 0.0232 0.7710
1099 0.0232 0.7720
1100 0.0232 0.7710
1101 0.0232 0.7720
1102 0.0232 0.7720
1103 0.0232 0.7720
1104 0.0232 0.7720
1105 0.0232 0.7720
1106 0.0232 0.7720
1107 0.0232 0.7720
1108 0.0232 0.7720
1109 0.0232 0.7710
1110 0.0232 0.7720
1111 0.0232 0.7710
1112 0.0232 0.7720
1113 0.0232 0.7700
1114 0.0232 0.7720
1115 0.0232 0.7700
1116 0.0232 0.7720
1117 0.0232 0.7700
1118 0.0232 0.7720
1119 0.0232 0.7700
1120 0.0232 0.7720
1121 0.0232 0.7700
1122 0.0232 0.7720
1123 0.0232 0.7700
1124 0.0232 0.7720
1125 0.0232 0.7700
1126 0.0232 0.7720
1127 0.0232 0.7700
1128 0.0232 0.7720
1129 0.0232 0.7700
1130 0.0232 0.7720
1131 0.0232 0.7700
1132 0.0231 0.7720
1133 0.0231 0.7710
1134 0.0232 0.7720
1135 0.0232 0.7720
1136 0.0232 0.7720
1137 0.0232 0.7720
1138 0.0232 0.7720
1139 0.0231 0.7720
1140 0.0231 0.7720
1141 0.0231 0.7720
1142 0.0231 0.7720
1143 0.0231 0.7720
1144 0.0231 0.7720
1145 0.0231 0.7720
1146 0.0231 0.7720
1147 0.0231 0.7720
1148 0.0231 0.7710
1149 0.0231 0.7720
1150 0.0231 0.7700
1151 0.0231 0.7720
1152 0.0231 0.7700
1153 0.0231 0.7720
1154 0.0231 0.7700
1155 0.0231 0.7710
1156 0.0231 0.7700
1157 0.0231 0.7720
1158 0.0231 0.7700
1159 0.0231 0.7720
1160 0.0231 0.7700
1161 0.0231 0.7720
1162 0.0231 0.7720
1163 0.0231 0.7720
1164 0.0231 0.7720
1165 0.0231 0.7700
1166 0.0231 0.7720
1167 0.0231 0.7700
1168 0.0231 0.7720
1169 0.0231 0.7700
1170 0.0231 0.7720
1171 0.0231 0.7700
1172 0.0231 0.7720
1173 0.0231 0.7710
1174 0.0231 0.7720
1175 0.0231 0.7720
1176 0.0231 0.7710
1177 0.0231 0.7720
1178 0.0231 0.7700
1179 0.0231 0.7720
1180 0.0231 0.7700
1181 0.0231 0.7720
1182 0.0231 0.7700
1183 0.0231 0.7720
1184 0.0231 0.7710
1185 0.0231 0.7720
1186 0.0231 0.7720
1187 0.0231 0.7710
1188 0.0231 0.7720
1189 0.0231 0.7700
1190 0.0231 0.7720
1191 0.0231 0.7700
1192 0.0231 0.7720
1193 0.0231 0.7700
1194 0.0231 0.7720
1195 0.0231 0.7710
1196 0.0231 0.7720
1197 0.0231 0.7720
1198 0.0231 0.7720
1199 0.0231 0.7720
1200 0.0231 0.7720
1201 0.0231 0.7720
1202 0.0231 0.7720
1203 0.0231 0.7720
1204 0.0231 0.7720
1205 0.0231 0.7720
1206 0.0231 0.7710
1207 0.0231 0.7720
1208 0.0231 0.7710
1209 0.0231 0.7720
1210 0.0231 0.7710
1211 0.0231 0.7720
1212 0.0231 0.7710
1213 0.0231 0.7720
1214 0.0231 0.7710
1215 0.0230 0.7720
1216 0.0230 0.7710
1217 0.0230 0.7720
1218 0.0231 0.7720
1219 0.0231 0.7720
1220 0.0231 0.7720
1221 0.0230 0.7720
1222 0.0230 0.7720
1223 0.0230 0.7720
1224 0.0230 0.7720
1225 0.0230 0.7720
1226 0.0230 0.7720
1227 0.0230 0.7720
1228 0.0230 0.7720
1229 0.0230 0.7720
1230 0.0230 0.7720
1231 0.0230 0.7720
1232 0.0230 0.7720
1233 0.0230 0.7720
1234 0.0230 0.7720
1235 0.0230 0.7720
1236 0.0230 0.7710
1237 0.0230 0.7720
1238 0.0230 0.7700
1239 0.0230 0.7720
1240 0.0230 0.7700
1241 0.0230 0.7720
1242 0.0230 0.7700
1243 0.0230 0.7720
1244 0.0230 0.7700
1245 0.0230 0.7720
1246 0.0230 0.7700
1247 0.0230 0.7720
1248 0.0230 0.7700
1249 0.0230 0.7720
1250 0.0230 0.7720
1251 0.0230 0.7720
1252 0.0230 0.7720
1253 0.0230 0.7710
1254 0.0230 0.7720
1255 0.0230 0.7700
1256 0.0230 0.7720
1257 0.0230 0.7700
1258 0.0230 0.7720
1259 0.0230 0.7700
1260 0.0230 0.7720
1261 0.0230 0.7700
1262 0.0230 0.7720
1263 0.0230 0.7700
1264 0.0230 0.7720
1265 0.0230 0.7700
1266 0.0230 0.7720
1267 0.0230 0.7700
1268 0.0230 0.7720
1269 0.0230 0.7700
1270 0.0230 0.7720
1271 0.0230 0.7700
1272 0.0230 0.7720
1273 0.0230 0.7710
1274 0.0230 0.7720
1275 0.0230 0.7710
1276 0.0230 0.7720
1277 0.0230 0.7710
1278 0.0230 0.7720
1279 0.0230 0.7720
1280 0.0230 0.7720
1281 0.0230 0.7720
1282 0.0230 0.7720
1283 0.0230 0.7720
1284 0.0230 0.7710
1285 0.0230 0.7720
1286 0.0230 0.7700
1287 0.0230 0.7720
1288 0.0230 0.7700
1289 0.0230 0.7710
1290 0.0230 0.7700
1291 0.0230 0.7720
1292 0.0230 0.7700
1293 0.0230 0.7720
1294 0.0230 0.7700
1295 0.0230 0.7720
1296 0.0230 0.7710
1297 0.0230 0.7720
1298 0.0230 0.7720
1299 0.0230 0.7700
1300 0.0230 0.7720
1301 0.0230 0.7700
1302 0.0230 0.7720
1303 0.0230 0.7700
1304 0.0230 0.7720
1305 0.0230 0.7710
1306 0.0230 0.7720
1307 0.0230 0.7720
1308 0.0230 0.7720
1309 0.0230 0.7720
1310 0.0230 0.7710
1311 0.0230 0.7720
1312 0.0230 0.7710
1313 0.0230 0.7720
1314 0.0230 0.7710
1315 0.0230 0.7720
1316 0.0230 0.7710
1317 0.0230 0.7720
1318 0.0230 0.7720
1319 0.0230 0.7720
1320 0.0230 0.7720
1321 0.0230 0.7720
1322 0.0230 0.7720
1323 0.0230 0.7720
1324 0.0230 0.7720
1325 0.0229 0.7720
1326 0.0229 0.7720
1327 0.0229 0.7710
1328 0.0230 0.7720
1329 0.0230 0.7710
1330 0.0230 0.7720
1331 0.0230 0.7710
1332 0.0230 0.7720
1333 0.0229 0.7710
1334 0.0229 0.7720
1335 0.0229 0.7710
1336 0.0229 0.7720
1337 0.0229 0.7720
1338 0.0229 0.7720
1339 0.0229 0.7720
1340 0.0229 0.7720
1341 0.0229 0.7720
1342 0.0229 0.7720
1343 0.0229 0.7720
1344 0.0229 0.7700
1345 0.0229 0.7720
1346 0.0229 0.7700
1347 0.0229 0.7720
1348 0.0229 0.7700
1349 0.0229 0.7720
1350 0.0229 0.7700
1351 0.0229 0.7720
1352 0.0229 0.7700
1353 0.0229 0.7720
1354 0.0229 0.7720
1355 0.0229 0.7720
1356 0.0229 0.7720
1357 0.0229 0.7720
1358 0.0229 0.7720
1359 0.0229 0.7700
1360 0.0229 0.7720
1361 0.0229 0.7700
1362 0.0229 0.7720
1363 0.0229 0.7700
1364 0.0229 0.7720
1365 0.0229 0.7700
1366 0.0229 0.7720
1367 0.0229 0.7710
1368 0.0229 0.7720
1369 0.0229 0.7720
1370 0.0229 0.7720
1371 0.0229 0.7720
1372 0.0229 0.7700
1373 0.0229 0.7720
1374 0.0229 0.7700
1375 0.0229 0.7720
1376 0.0229 0.7700
1377 0.0229 0.7720
1378 0.0229 0.7700
1379 0.0229 0.7720
1380 0.0229 0.7720
1381 0.0229 0.7720
1382 0.0229 0.7720
1383 0.0229 0.7720
1384 0.0229 0.7720
1385 0.0229 0.7710
1386 0.0229 0.7720
1387 0.0229 0.7700
1388 0.0229 0.7720
1389 0.0229 0.7720
1390 0.0229 0.7720
1391 0.0229 0.7720
1392 0.0229 0.7720
1393 0.0229 0.7720
1394 0.0229 0.7720
1395 0.0229 0.7720
1396 0.0229 0.7720
1397 0.0229 0.7720
1398 0.0229 0.7720
1399 0.0229 0.7720
1400 0.0229 0.7720
1401 0.0229 0.7720
1402 0.0229 0.7720
1403 0.0229 0.7720
1404 0.0229 0.7710
1405 0.0229 0.7720
1406 0.0229 0.7700
1407 0.0229 0.7720
1408 0.0229 0.7700
1409 0.0229 0.7720
1410 0.0229 0.7700
1411 0.0229 0.7720
1412 0.0229 0.7700
1413 0.0229 0.7720
1414 0.0229 0.7700
1415 0.0229 0.7720
1416 0.0229 0.7700
1417 0.0229 0.7720
1418 0.0229 0.7700
1419 0.0229 0.7720
1420 0.0229 0.7710
1421 0.0229 0.7720
1422 0.0229 0.7720
1423 0.0229 0.7720
1424 0.0229 0.7720
1425 0.0229 0.7720
1426 0.0229 0.7720
1427 0.0229 0.7710
1428 0.0229 0.7720
1429 0.0229 0.7700
1430 0.0229 0.7720
1431 0.0229 0.7700
1432 0.0229 0.7720
1433 0.0229 0.7700
1434 0.0229 0.7720
1435 0.0229 0.7700
1436 0.0229 0.7720
1437 0.0229 0.7700
1438 0.0229 0.7720
1439 0.0229 0.7700
1440 0.0229 0.7720
1441 0.0229 0.7720
1442 0.0229 0.7720
1443 0.0229 0.7720
1444 0.0229 0.7720
1445 0.0229 0.7720
1446 0.0229 0.7700
1447 0.0229 0.7720
1448 0.0229 0.7700
1449 0.0229 0.7720
1450 0.0229 0.7700
1451 0.0229 0.7720
1452 0.0229 0.7700
1453 0.0229 0.7720
1454 0.0229 0.7700
1455 0.0229 0.7720
1456 0.0229 0.7710
1457 0.0229 0.7720
1458 0.0229 0.7720
1459 0.0229 0.7720
1460 0.0229 0.7720
1461 0.0229 0.7720
1462 0.0229 0.7720
1463 0.0229 0.7700
1464 0.0229 0.7720
1465 0.0229 0.7700
1466 0.0229 0.7720
1467 0.0229 0.7700
1468 0.0229 0.7720
1469 0.0228 0.7700
1470 0.0229 0.7720
1471 0.0229 0.7700
1472 0.0229 0.7720
1473 0.0229 0.7710
1474 0.0229 0.7720
1475 0.0228 0.7720
1476 0.0228 0.7720
1477 0.0228 0.7720
1478 0.0228 0.7720
1479 0.0228 0.7720
1480 0.0229 0.7720
1481 0.0229 0.7720
1482 0.0228 0.7720
1483 0.0228 0.7720
1484 0.0228 0.7720
1485 0.0228 0.7720
1486 0.0228 0.7720
1487 0.0228 0.7720
1488 0.0228 0.7720
1489 0.0228 0.7720
1490 0.0228 0.7720
1491 0.0228 0.7720
1492 0.0228 0.7710
1493 0.0228 0.7720
1494 0.0228 0.7700
1495 0.0229 0.7720
1496 0.0228 0.7700
1497 0.0229 0.7720
1498 0.0228 0.7700
1499 0.0228 0.7720
1500 0.0228 0.7700
1501 0.0228 0.7720
1502 0.0228 0.7700
1503 0.0228 0.7720
1504 0.0228 0.7700
1505 0.0228 0.7720
1506 0.0228 0.7720
1507 0.0228 0.7720
1508 0.0228 0.7720
1509 0.0228 0.7720
1510 0.0228 0.7720
1511 0.0228 0.7700
1512 0.0228 0.7720
1513 0.0228 0.7700
1514 0.0228 0.7720
1515 0.0228 0.7700
1516 0.0229 0.7720
1517 0.0228 0.7700
1518 0.0228 0.7710
1519 0.0228 0.7700
1520 0.0228 0.7720
1521 0.0228 0.7710
1522 0.0228 0.7720
1523 0.0228 0.7720
1524 0.0228 0.7710
1525 0.0228 0.7720
1526 0.0228 0.7700
1527 0.0228 0.7720
1528 0.0228 0.7700
1529 0.0228 0.7720
1530 0.0228 0.7700
1531 0.0228 0.7720
1532 0.0228 0.7700
1533 0.0228 0.7720
1534 0.0228 0.7720
1535 0.0228 0.7720
1536 0.0228 0.7720
1537 0.0228 0.7720
1538 0.0228 0.7720
1539 0.0228 0.7720
1540 0.0228 0.7720
1541 0.0228 0.7720
1542 0.0228 0.7720
1543 0.0228 0.7720
1544 0.0228 0.7720
1545 0.0228 0.7710
1546 0.0228 0.7720
1547 0.0228 0.7710
1548 0.0228 0.7720
1549 0.0228 0.7710
1550 0.0228 0.7720
1551 0.0228 0.7710
1552 0.0228 0.7720
1553 0.0228 0.7720
1554 0.0228 0.7720
1555 0.0228 0.7720
1556 0.0228 0.7720
1557 0.0228 0.7720
1558 0.0228 0.7700
1559 0.0228 0.7720
1560 0.0228 0.7700
1561 0.0228 0.7720
1562 0.0228 0.7700
1563 0.0228 0.7720
1564 0.0228 0.7700
1565 0.0228 0.7720
1566 0.0228 0.7700
1567 0.0228 0.7720
1568 0.0228 0.7700
1569 0.0228 0.7720
1570 0.0228 0.7720
1571 0.0228 0.7720
1572 0.0228 0.7720
1573 0.0228 0.7710
1574 0.0228 0.7720
1575 0.0228 0.7700
1576 0.0228 0.7720
1577 0.0228 0.7700
1578 0.0228 0.7720
1579 0.0228 0.7700
1580 0.0228 0.7720
1581 0.0228 0.7700
1582 0.0228 0.7720
1583 0.0228 0.7700
1584 0.0228 0.7720
1585 0.0228 0.7700
1586 0.0228 0.7720
1587 0.0228 0.7720
1588 0.0228 0.7720
1589 0.0228 0.7720
1590 0.0228 0.7720
1591 0.0228 0.7720
1592 0.0228 0.7710
1593 0.0228 0.7720
1594 0.0228 0.7700
1595 0.0228 0.7720
1596 0.0228 0.7700
1597 0.0228 0.7720
1598 0.0228 0.7700
1599 0.0228 0.7720
1600 0.0228 0.7700
1601 0.0228 0.7720
1602 0.0228 0.7720
1603 0.0228 0.7720
1604 0.0228 0.7720
1605 0.0228 0.7720
1606 0.0228 0.7720
1607 0.0228 0.7710
1608 0.0228 0.7720
1609 0.0228 0.7720
1610 0.0228 0.7720
1611 0.0228 0.7720
1612 0.0228 0.7720
1613 0.0228 0.7720
1614 0.0228 0.7720
1615 0.0228 0.7720
1616 0.0228 0.7720
1617 0.0228 0.7710
1618 0.0228 0.7720
1619 0.0228 0.7700
1620 0.0228 0.7720
1621 0.0228 0.7700
1622 0.0228 0.7720
1623 0.0228 0.7700
1624 0.0228 0.7720
1625 0.0228 0.7700
1626 0.0228 0.7720
1627 0.0228 0.7710
1628 0.0228 0.7720
1629 0.0228 0.7720
1630 0.0228 0.7720
1631 0.0228 0.7720
1632 0.0228 0.7720
1633 0.0228 0.7720
1634 0.0228 0.7720
1635 0.0228 0.7720
1636 0.0228 0.7720
1637 0.0228 0.7720
1638 0.0228 0.7720
1639 0.0228 0.7720
1640 0.0228 0.7720
1641 0.0228 0.7720
1642 0.0228 0.7720
1643 0.0228 0.7720
1644 0.0228 0.7720
1645 0.0228 0.7720
1646 0.0228 0.7720
1647 0.0228 0.7720
1648 0.0228 0.7710
1649 0.0228 0.7720
1650 0.0228 0.7700
1651 0.0228 0.7720
1652 0.0228 0.7700
1653 0.0228 0.7720
1654 0.0228 0.7700
1655 0.0228 0.7720
1656 0.0228 0.7700
1657 0.0228 0.7720
1658 0.0228 0.7700
1659 0.0228 0.7720
1660 0.0228 0.7700
1661 0.0228 0.7720
1662 0.0228 0.7700
1663 0.0228 0.7720
1664 0.0228 0.7720
1665 0.0228 0.7720
1666 0.0228 0.7720
1667 0.0228 0.7700
1668 0.0228 0.7720
1669 0.0228 0.7700
1670 0.0228 0.7720
1671 0.0228 0.7700
1672 0.0228 0.7710
1673 0.0228 0.7700
1674 0.0228 0.7720
1675 0.0228 0.7700
1676 0.0228 0.7720
1677 0.0227 0.7720
1678 0.0227 0.7720
1679 0.0228 0.7720
1680 0.0228 0.7720
1681 0.0228 0.7720
1682 0.0228 0.7720
1683 0.0228 0.7720
1684 0.0228 0.7700
1685 0.0228 0.7720
1686 0.0228 0.7710
1687 0.0228 0.7720
1688 0.0228 0.7710
1689 0.0228 0.7720
1690 0.0228 0.7710
1691 0.0228 0.7720
1692 0.0228 0.7710
1693 0.0228 0.7720
1694 0.0228 0.7720
1695 0.0228 0.7720
1696 0.0228 0.7720
1697 0.0228 0.7720
1698 0.0228 0.7720
1699 0.0227 0.7710
1700 0.0228 0.7720
1701 0.0227 0.7700
1702 0.0228 0.7720
1703 0.0228 0.7710
1704 0.0228 0.7720
1705 0.0228 0.7720
1706 0.0228 0.7720
1707 0.0228 0.7720
1708 0.0227 0.7720
1709 0.0227 0.7720
1710 0.0227 0.7720
1711 0.0227 0.7720
1712 0.0228 0.7720
1713 0.0227 0.7710
1714 0.0228 0.7720
1715 0.0228 0.7710
1716 0.0228 0.7720
1717 0.0227 0.7700
1718 0.0228 0.7720
1719 0.0227 0.7700
1720 0.0228 0.7720
1721 0.0227 0.7700
1722 0.0228 0.7720
1723 0.0227 0.7700
1724 0.0228 0.7720
1725 0.0227 0.7700
1726 0.0228 0.7720
1727 0.0227 0.7700
1728 0.0227 0.7720
1729 0.0227 0.7720
1730 0.0227 0.7720
1731 0.0227 0.7720
1732 0.0227 0.7720
1733 0.0227 0.7720
1734 0.0227 0.7720
1735 0.0227 0.7720
1736 0.0228 0.7720
1737 0.0228 0.7720
1738 0.0227 0.7720
1739 0.0227 0.7720
1740 0.0227 0.7720
1741 0.0227 0.7720
1742 0.0227 0.7710
1743 0.0227 0.7720
1744 0.0227 0.7700
1745 0.0228 0.7720
1746 0.0227 0.7700
1747 0.0228 0.7720
1748 0.0227 0.7700
1749 0.0228 0.7720
1750 0.0227 0.7700
1751 0.0227 0.7720
1752 0.0227 0.7700
1753 0.0227 0.7720
1754 0.0227 0.7700
1755 0.0227 0.7720
1756 0.0227 0.7720
1757 0.0227 0.7720
1758 0.0227 0.7720
1759 0.0227 0.7720
1760 0.0227 0.7720
1761 0.0227 0.7710
1762 0.0227 0.7720
1763 0.0227 0.7710
1764 0.0227 0.7720
1765 0.0227 0.7710
1766 0.0227 0.7720
1767 0.0227 0.7710
1768 0.0227 0.7720
1769 0.0227 0.7720
1770 0.0227 0.7720
1771 0.0227 0.7720
1772 0.0227 0.7720
1773 0.0227 0.7720
1774 0.0227 0.7720
1775 0.0227 0.7720
1776 0.0227 0.7720
1777 0.0227 0.7720
1778 0.0227 0.7720
1779 0.0227 0.7720
1780 0.0227 0.7720
1781 0.0227 0.7720
1782 0.0227 0.7720
1783 0.0227 0.7720
1784 0.0227 0.7720
1785 0.0227 0.7720
1786 0.0227 0.7720
1787 0.0227 0.7720
1788 0.0227 0.7720
1789 0.0227 0.7720
1790 0.0227 0.7710
1791 0.0227 0.7720
1792 0.0227 0.7700
1793 0.0227 0.7720
1794 0.0227 0.7700
1795 0.0227 0.7720
1796 0.0227 0.7700
1797 0.0227 0.7720
1798 0.0227 0.7700
1799 0.0227 0.7720
1800 0.0227 0.7700
1801 0.0227 0.7710
1802 0.0227 0.7700
1803 0.0227 0.7720
1804 0.0227 0.7700
1805 0.0227 0.7720
1806 0.0227 0.7720
1807 0.0227 0.7720
1808 0.0227 0.7720
1809 0.0227 0.7720
1810 0.0227 0.7720
1811 0.0227 0.7710
1812 0.0227 0.7720
1813 0.0227 0.7700
1814 0.0227 0.7720
1815 0.0227 0.7700
1816 0.0227 0.7720
1817 0.0227 0.7700
1818 0.0227 0.7720
1819 0.0227 0.7700
1820 0.0227 0.7720
1821 0.0227 0.7700
1822 0.0227 0.7720
1823 0.0227 0.7700
1824 0.0227 0.7720
1825 0.0227 0.7700
1826 0.0227 0.7720
1827 0.0227 0.7710
1828 0.0227 0.7720
1829 0.0227 0.7720
1830 0.0227 0.7720
1831 0.0227 0.7720
1832 0.0227 0.7720
1833 0.0227 0.7720
1834 0.0227 0.7720
1835 0.0227 0.7720
1836 0.0227 0.7720
1837 0.0227 0.7720
1838 0.0227 0.7720
1839 0.0227 0.7710
1840 0.0227 0.7720
1841 0.0227 0.7700
1842 0.0227 0.7720
1843 0.0227 0.7700
1844 0.0227 0.7720
1845 0.0227 0.7700
1846 0.0227 0.7720
1847 0.0227 0.7700
1848 0.0227 0.7720
1849 0.0227 0.7700
1850 0.0227 0.7710
1851 0.0227 0.7700
1852 0.0227 0.7720
1853 0.0227 0.7700
1854 0.0227 0.7720
1855 0.0227 0.7700
1856 0.0227 0.7720
1857 0.0227 0.7710
1858 0.0227 0.7720
1859 0.0227 0.7720
1860 0.0227 0.7720
1861 0.0227 0.7720
1862 0.0227 0.7710
1863 0.0227 0.7720
1864 0.0227 0.7700
1865 0.0227 0.7720
1866 0.0227 0.7700
1867 0.0227 0.7720
1868 0.0227 0.7700
1869 0.0227 0.7720
1870 0.0227 0.7700
1871 0.0227 0.7720
1872 0.0227 0.7720
1873 0.0227 0.7720
1874 0.0227 0.7720
1875 0.0227 0.7720
1876 0.0227 0.7720
1877 0.0227 0.7700
1878 0.0227 0.7720
1879 0.0227 0.7700
1880 0.0227 0.7720
1881 0.0227 0.7700
1882 0.0227 0.7720
1883 0.0227 0.7700
1884 0.0227 0.7720
1885 0.0227 0.7700
1886 0.0227 0.7720
1887 0.0227 0.7700
1888 0.0227 0.7720
1889 0.0227 0.7720
1890 0.0227 0.7720
1891 0.0227 0.7720
1892 0.0227 0.7720
1893 0.0227 0.7720
1894 0.0227 0.7720
1895 0.0227 0.7720
1896 0.0227 0.7700
1897 0.0227 0.7720
1898 0.0227 0.7700
1899 0.0227 0.7720
1900 0.0227 0.7700
1901 0.0227 0.7720
1902 0.0227 0.7700
1903 0.0227 0.7720
1904 0.0227 0.7700
1905 0.0227 0.7720
1906 0.0227 0.7700
1907 0.0227 0.7720
1908 0.0227 0.7700
1909 0.0227 0.7720
1910 0.0227 0.7700
1911 0.0227 0.7720
1912 0.0227 0.7700
1913 0.0227 0.7720
1914 0.0227 0.7710
1915 0.0227 0.7720
1916 0.0227 0.7720
1917 0.0227 0.7720
1918 0.0227 0.7720
1919 0.0227 0.7720
1920 0.0227 0.7720
1921 0.0227 0.7720
1922 0.0227 0.7720
1923 0.0227 0.7700
1924 0.0227 0.7720
1925 0.0227 0.7700
1926 0.0227 0.7720
1927 0.0227 0.7700
1928 0.0227 0.7720
1929 0.0227 0.7700
1930 0.0227 0.7720
1931 0.0227 0.7700
1932 0.0227 0.7710
1933 0.0227 0.7700
1934 0.0227 0.7720
1935 0.0227 0.7700
1936 0.0227 0.7720
1937 0.0227 0.7700
1938 0.0227 0.7720
1939 0.0227 0.7720
1940 0.0227 0.7720
1941 0.0227 0.7720
1942 0.0227 0.7720
1943 0.0227 0.7720
1944 0.0227 0.7700
1945 0.0227 0.7720
1946 0.0227 0.7700
1947 0.0227 0.7720
1948 0.0227 0.7700
1949 0.0227 0.7720
1950 0.0227 0.7700
1951 0.0227 0.7720
1952 0.0227 0.7700
1953 0.0227 0.7720
1954 0.0227 0.7700
1955 0.0227 0.7720
1956 0.0227 0.7720
1957 0.0227 0.7720
1958 0.0227 0.7720
1959 0.0227 0.7720
1960 0.0227 0.7720
1961 0.0227 0.7710
1962 0.0227 0.7720
1963 0.0227 0.7700
1964 0.0227 0.7720
1965 0.0227 0.7700
1966 0.0227 0.7720
1967 0.0227 0.7700
1968 0.0227 0.7720
1969 0.0227 0.7710
1970 0.0227 0.7720
1971 0.0227 0.7720
1972 0.0227 0.7720
1973 0.0227 0.7720
1974 0.0227 0.7720
1975 0.0227 0.7720
1976 0.0227 0.7700
1977 0.0227 0.7720
1978 0.0227 0.7700
1979 0.0227 0.7720
1980 0.0227 0.7700
1981 0.0227 0.7720
1982 0.0227 0.7700
1983 0.0227 0.7720
1984 0.0227 0.7700
1985 0.0227 0.7720
1986 0.0227 0.7700
1987 0.0227 0.7720
1988 0.0227 0.7720
1989 0.0227 0.7720
1990 0.0227 0.7720
1991 0.0227 0.7720
1992 0.0227 0.7720
1993 0.0227 0.7720
1994 0.0227 0.7720
1995 0.0227 0.7700
1996 0.0227 0.7720
1997 0.0227 0.7700
1998 0.0227 0.7720
1999 0.0227 0.7700
