00 1.9502 0.1320
01 1.8987 0.1420
02 1.8228 0.2160
03 1.7306 0.2530
04 1.6344 0.2950
05 1.5337 0.3590
06 1.4266 0.4210
07 1.3147 0.4690
08 1.2010 0.5060
09 1.0879 0.5590
10 0.9759 0.6110
11 0.8662 0.6550
12 0.7605 0.6820
13 0.6609 0.7020
14 0.5691 0.7240
15 0.4858 0.7400
16 0.4118 0.7500
17 0.3470 0.7610
18 0.2912 0.7660
19 0.2439 0.7750
20 0.2043 0.7810
21 0.1713 0.7870
22 0.1439 0.7900
23 0.1212 0.7940
24 0.1023 0.7940
25 0.0867 0.7960
26 0.0739 0.7940
27 0.0633 0.7940
28 0.0547 0.7920
29 0.0477 0.7900
30 0.0420 0.7900
31 0.0373 0.7880
32 0.0333 0.7880
33 0.0300 0.7870
34 0.0273 0.7880
35 0.0250 0.7860
36 0.0231 0.7860
37 0.0215 0.7860
38 0.0202 0.7860
39 0.0191 0.7860
40 0.0183 0.7880
41 0.0176 0.7880
42 0.0170 0.7880
43 0.0166 0.7870
44 0.0162 0.7880
45 0.0160 0.7860
46 0.0158 0.7860
47 0.0157 0.7870
48 0.0157 0.7870
49 0.0157 0.7880
50 0.0158 0.7890
51 0.0159 0.7890
52 0.0160 0.7890
53 0.0162 0.7890
54 0.0164 0.7910
55 0.0167 0.7900
56 0.0169 0.7910
57 0.0172 0.7910
58 0.0175 0.7910
59 0.0178 0.7910
60 0.0181 0.7910
61 0.0184 0.7920
62 0.0186 0.7940
63 0.0189 0.7930
64 0.0192 0.7920
65 0.0195 0.7950
66 0.0197 0.7950
67 0.0200 0.7970
68 0.0202 0.7970
69 0.0204 0.7970
70 0.0206 0.7970
71 0.0207 0.7950
72 0.0209 0.7950
73 0.0210 0.7950
74 0.0211 0.7950
75 0.0211 0.7950
76 0.0212 0.7950
77 0.0212 0.7960
78 0.0212 0.7960
79 0.0212 0.7950
80 0.0212 0.7940
81 0.0211 0.7950
82 0.0210 0.7940
83 0.0210 0.7960
84 0.0209 0.7980
85 0.0207 0.7980
86 0.0206 0.7980
87 0.0205 0.7970
88 0.0204 0.7970
89 0.0202 0.7970
90 0.0201 0.7980
91 0.0199 0.7990
92 0.0198 0.7980
93 0.0196 0.7980
94 0.0194 0.7980
95 0.0193 0.7980
96 0.0191 0.7980
97 0.0190 0.7980
98 0.0188 0.7980
99 0.0187 0.7980
100 0.0185 0.7980
101 0.0184 0.7980
102 0.0182 0.7990
103 0.0181 0.8000
104 0.0179 0.7990
105 0.0178 0.8000
106 0.0177 0.7990
107 0.0175 0.7990
108 0.0174 0.7990
109 0.0173 0.7990
110 0.0172 0.7990
111 0.0170 0.7990
112 0.0169 0.7990
113 0.0168 0.7990
114 0.0167 0.7990
115 0.0166 0.7990
116 0.0165 0.7990
117 0.0164 0.8000
118 0.0163 0.8000
119 0.0162 0.8000
120 0.0161 0.8000
121 0.0160 0.8000
122 0.0159 0.8000
123 0.0158 0.8010
124 0.0157 0.8020
125 0.0156 0.8020
126 0.0156 0.8020
127 0.0155 0.8030
128 0.0154 0.8030
129 0.0153 0.8020
130 0.0152 0.8020
131 0.0151 0.8020
132 0.0151 0.8030
133 0.0150 0.8030
134 0.0149 0.8040
135 0.0148 0.8040
136 0.0148 0.8040
137 0.0147 0.8040
138 0.0146 0.8040
139 0.0145 0.8040
140 0.0145 0.8040
141 0.0144 0.8030
142 0.0143 0.8040
143 0.0143 0.8040
144 0.0142 0.8040
145 0.0141 0.8030
146 0.0140 0.8030
147 0.0140 0.8030
148 0.0139 0.8040
149 0.0138 0.8040
150 0.0138 0.8040
151 0.0137 0.8040
152 0.0136 0.8040
153 0.0136 0.8040
154 0.0135 0.8040
155 0.0135 0.8040
156 0.0134 0.8040
157 0.0133 0.8040
158 0.0133 0.8040
159 0.0132 0.8040
160 0.0132 0.8040
161 0.0131 0.8050
162 0.0131 0.8050
163 0.0130 0.8050
164 0.0129 0.8050
165 0.0129 0.8050
166 0.0128 0.8050
167 0.0128 0.8050
168 0.0127 0.8050
169 0.0127 0.8050
170 0.0126 0.8050
171 0.0126 0.8050
172 0.0125 0.8050
173 0.0125 0.8050
174 0.0124 0.8050
175 0.0124 0.8050
176 0.0123 0.8050
177 0.0123 0.8050
178 0.0122 0.8050
179 0.0122 0.8050
180 0.0121 0.8050
181 0.0121 0.8050
182 0.0121 0.8050
183 0.0120 0.8050
184 0.0120 0.8050
185 0.0119 0.8050
186 0.0119 0.8050
187 0.0118 0.8040
188 0.0118 0.8030
189 0.0118 0.8030
190 0.0117 0.8030
191 0.0117 0.8040
192 0.0116 0.8040
193 0.0116 0.8040
194 0.0116 0.8040
195 0.0115 0.8040
196 0.0115 0.8040
197 0.0114 0.8040
198 0.0114 0.8040
199 0.0114 0.8040
200 0.0113 0.8040
201 0.0113 0.8040
202 0.0113 0.8040
203 0.0112 0.8030
204 0.0112 0.8030
205 0.0112 0.8030
206 0.0111 0.8030
207 0.0111 0.8030
208 0.0111 0.8030
209 0.0110 0.8030
210 0.0110 0.8030
211 0.0110 0.8030
212 0.0109 0.8030
213 0.0109 0.8030
214 0.0109 0.8040
215 0.0108 0.8040
216 0.0108 0.8040
217 0.0108 0.8040
218 0.0107 0.8040
219 0.0107 0.8040
220 0.0107 0.8040
221 0.0106 0.8040
222 0.0106 0.8040
223 0.0106 0.8040
224 0.0106 0.8040
225 0.0105 0.8040
226 0.0105 0.8040
227 0.0105 0.8040
228 0.0104 0.8040
229 0.0104 0.8040
230 0.0104 0.8040
231 0.0104 0.8040
232 0.0103 0.8050
233 0.0103 0.8050
234 0.0103 0.8050
235 0.0102 0.8050
236 0.0102 0.8050
237 0.0102 0.8050
238 0.0102 0.8050
239 0.0101 0.8050
240 0.0101 0.8050
241 0.0101 0.8050
242 0.0101 0.8050
243 0.0100 0.8060
244 0.0100 0.8060
245 0.0100 0.8060
246 0.0100 0.8060
247 0.0100 0.8060
248 0.0099 0.8060
249 0.0099 0.8060
250 0.0099 0.8060
251 0.0099 0.8060
252 0.0098 0.8060
253 0.0098 0.8060
254 0.0098 0.8060
255 0.0098 0.8060
256 0.0097 0.8060
257 0.0097 0.8060
258 0.0097 0.8060
259 0.0097 0.8060
260 0.0097 0.8060
261 0.0096 0.8060
262 0.0096 0.8060
263 0.0096 0.8060
264 0.0096 0.8060
265 0.0096 0.8070
266 0.0095 0.8060
267 0.0095 0.8060
268 0.0095 0.8060
269 0.0095 0.8060
270 0.0095 0.8060
271 0.0094 0.8060
272 0.0094 0.8060
273 0.0094 0.8050
274 0.0094 0.8050
275 0.0094 0.8050
276 0.0093 0.8050
277 0.0093 0.8050
278 0.0093 0.8050
279 0.0093 0.8050
280 0.0093 0.8050
281 0.0093 0.8060
282 0.0092 0.8050
283 0.0092 0.8050
284 0.0092 0.8050
285 0.0092 0.8050
286 0.0092 0.8050
287 0.0091 0.8050
288 0.0091 0.8050
289 0.0091 0.8060
290 0.0091 0.8060
291 0.0091 0.8060
292 0.0091 0.8060
293 0.0090 0.8060
294 0.0090 0.8060
295 0.0090 0.8060
296 0.0090 0.8060
297 0.0090 0.8060
298 0.0090 0.8060
299 0.0089 0.8060
300 0.0089 0.8060
301 0.0089 0.8060
302 0.0089 0.8060
303 0.0089 0.8070
304 0.0089 0.8070
305 0.0089 0.8070
306 0.0088 0.8070
307 0.0088 0.8090
308 0.0088 0.8090
309 0.0088 0.8090
310 0.0088 0.8090
311 0.0088 0.8090
312 0.0088 0.8090
313 0.0087 0.8090
314 0.0087 0.8090
315 0.0087 0.8090
316 0.0087 0.8090
317 0.0087 0.8090
318 0.0087 0.8090
319 0.0087 0.8090
320 0.0086 0.8090
321 0.0086 0.8090
322 0.0086 0.8090
323 0.0086 0.8090
324 0.0086 0.8090
325 0.0086 0.8090
326 0.0086 0.8090
327 0.0086 0.8090
328 0.0085 0.8090
329 0.0085 0.8090
330 0.0085 0.8090
331 0.0085 0.8090
332 0.0085 0.8090
333 0.0085 0.8090
334 0.0085 0.8090
335 0.0085 0.8090
336 0.0084 0.8100
337 0.0084 0.8090
338 0.0084 0.8090
339 0.0084 0.8090
340 0.0084 0.8090
341 0.0084 0.8090
342 0.0084 0.8090
343 0.0084 0.8100
344 0.0083 0.8100
345 0.0083 0.8100
346 0.0083 0.8100
347 0.0083 0.8100
348 0.0083 0.8100
349 0.0083 0.8100
350 0.0083 0.8090
351 0.0083 0.8100
352 0.0083 0.8100
353 0.0082 0.8100
354 0.0082 0.8100
355 0.0082 0.8100
356 0.0082 0.8100
357 0.0082 0.8100
358 0.0082 0.8100
359 0.0082 0.8100
360 0.0082 0.8100
361 0.0082 0.8100
362 0.0082 0.8100
363 0.0081 0.8100
364 0.0081 0.8100
365 0.0081 0.8100
366 0.0081 0.8100
367 0.0081 0.8100
368 0.0081 0.8100
369 0.0081 0.8100
370 0.0081 0.8100
371 0.0081 0.8100
372 0.0081 0.8100
373 0.0080 0.8100
374 0.0080 0.8100
375 0.0080 0.8100
376 0.0080 0.8100
377 0.0080 0.8100
378 0.0080 0.8100
379 0.0080 0.8100
380 0.0080 0.8100
381 0.0080 0.8100
382 0.0080 0.8100
383 0.0080 0.8100
384 0.0079 0.8100
385 0.0079 0.8100
386 0.0079 0.8100
387 0.0079 0.8100
388 0.0079 0.8100
389 0.0079 0.8100
390 0.0079 0.8100
391 0.0079 0.8100
392 0.0079 0.8100
393 0.0079 0.8100
394 0.0079 0.8100
395 0.0078 0.8100
396 0.0078 0.8100
397 0.0078 0.8100
398 0.0078 0.8100
399 0.0078 0.8100
400 0.0078 0.8100
401 0.0078 0.8100
402 0.0078 0.8100
403 0.0078 0.8100
404 0.0078 0.8100
405 0.0078 0.8100
406 0.0078 0.8100
407 0.0078 0.8100
408 0.0077 0.8100
409 0.0077 0.8100
410 0.0077 0.8100
411 0.0077 0.8100
412 0.0077 0.8100
413 0.0077 0.8100
414 0.0077 0.8110
415 0.0077 0.8110
416 0.0077 0.8110
417 0.0077 0.8110
418 0.0077 0.8110
419 0.0077 0.8110
420 0.0077 0.8110
421 0.0077 0.8110
422 0.0076 0.8110
423 0.0076 0.8110
424 0.0076 0.8110
425 0.0076 0.8110
426 0.0076 0.8110
427 0.0076 0.8110
428 0.0076 0.8110
429 0.0076 0.8110
430 0.0076 0.8110
431 0.0076 0.8110
432 0.0076 0.8110
433 0.0076 0.8110
434 0.0076 0.8110
435 0.0076 0.8110
436 0.0076 0.8110
437 0.0075 0.8110
438 0.0075 0.8110
439 0.0075 0.8110
440 0.0075 0.8110
441 0.0075 0.8110
442 0.0075 0.8110
443 0.0075 0.8110
444 0.0075 0.8110
445 0.0075 0.8110
446 0.0075 0.8110
447 0.0075 0.8110
448 0.0075 0.8110
449 0.0075 0.8110
450 0.0075 0.8110
451 0.0075 0.8110
452 0.0075 0.8110
453 0.0074 0.8110
454 0.0074 0.8110
455 0.0074 0.8110
456 0.0074 0.8110
457 0.0074 0.8110
458 0.0074 0.8110
459 0.0074 0.8110
460 0.0074 0.8110
461 0.0074 0.8110
462 0.0074 0.8110
463 0.0074 0.8110
464 0.0074 0.8110
465 0.0074 0.8110
466 0.0074 0.8110
467 0.0074 0.8110
468 0.0074 0.8110
469 0.0074 0.8110
470 0.0074 0.8110
471 0.0073 0.8110
472 0.0073 0.8110
473 0.0073 0.8110
474 0.0073 0.8110
475 0.0073 0.8110
476 0.0073 0.8110
477 0.0073 0.8110
478 0.0073 0.8110
479 0.0073 0.8110
480 0.0073 0.8110
481 0.0073 0.8110
482 0.0073 0.8110
483 0.0073 0.8110
484 0.0073 0.8110
485 0.0073 0.8110
486 0.0073 0.8110
487 0.0073 0.8110
488 0.0073 0.8110
489 0.0073 0.8110
490 0.0073 0.8100
491 0.0072 0.8110
492 0.0072 0.8110
493 0.0072 0.8110
494 0.0072 0.8110
495 0.0072 0.8110
496 0.0072 0.8110
497 0.0072 0.8100
498 0.0072 0.8100
499 0.0072 0.8100
500 0.0072 0.8100
501 0.0072 0.8100
502 0.0072 0.8100
503 0.0072 0.8100
504 0.0072 0.8100
505 0.0072 0.8100
506 0.0072 0.8100
507 0.0072 0.8100
508 0.0072 0.8100
509 0.0072 0.8090
510 0.0072 0.8090
511 0.0072 0.8080
512 0.0072 0.8080
513 0.0071 0.8080
514 0.0071 0.8080
515 0.0071 0.8080
516 0.0071 0.8080
517 0.0071 0.8080
518 0.0071 0.8080
519 0.0071 0.8080
520 0.0071 0.8080
521 0.0071 0.8080
522 0.0071 0.8080
523 0.0071 0.8080
524 0.0071 0.8080
525 0.0071 0.8080
526 0.0071 0.8080
527 0.0071 0.8080
528 0.0071 0.8080
529 0.0071 0.8080
530 0.0071 0.8080
531 0.0071 0.8080
532 0.0071 0.8080
533 0.0071 0.8080
534 0.0071 0.8080
535 0.0071 0.8080
536 0.0071 0.8080
537 0.0071 0.8080
538 0.0071 0.8080
539 0.0070 0.8080
540 0.0070 0.8080
541 0.0070 0.8080
542 0.0070 0.8080
543 0.0070 0.8080
544 0.0070 0.8080
545 0.0070 0.8080
546 0.0070 0.8080
547 0.0070 0.8080
548 0.0070 0.8080
549 0.0070 0.8080
550 0.0070 0.8080
551 0.0070 0.8080
552 0.0070 0.8080
553 0.0070 0.8080
554 0.0070 0.8080
555 0.0070 0.8080
556 0.0070 0.8080
557 0.0070 0.8080
558 0.0070 0.8080
559 0.0070 0.8080
560 0.0070 0.8080
561 0.0070 0.8080
562 0.0070 0.8080
563 0.0070 0.8080
564 0.0070 0.8080
565 0.0070 0.8080
566 0.0070 0.8080
567 0.0070 0.8080
568 0.0069 0.8080
569 0.0069 0.8080
570 0.0069 0.8080
571 0.0069 0.8080
572 0.0069 0.8080
573 0.0069 0.8080
574 0.0069 0.8080
575 0.0069 0.8080
576 0.0069 0.8080
577 0.0069 0.8080
578 0.0069 0.8070
579 0.0069 0.8070
580 0.0069 0.8080
581 0.0069 0.8080
582 0.0069 0.8080
583 0.0069 0.8080
584 0.0069 0.8080
585 0.0069 0.8070
586 0.0069 0.8080
587 0.0069 0.8080
588 0.0069 0.8090
589 0.0069 0.8080
590 0.0069 0.8080
591 0.0069 0.8080
592 0.0069 0.8080
593 0.0069 0.8080
594 0.0069 0.8080
595 0.0069 0.8080
596 0.0069 0.8080
597 0.0069 0.8080
598 0.0069 0.8080
599 0.0069 0.8080
600 0.0069 0.8080
601 0.0069 0.8080
602 0.0068 0.8080
603 0.0068 0.8080
604 0.0068 0.8080
605 0.0068 0.8080
606 0.0068 0.8080
607 0.0068 0.8080
608 0.0068 0.8080
609 0.0068 0.8080
610 0.0068 0.8080
611 0.0068 0.8080
612 0.0068 0.8080
613 0.0068 0.8080
614 0.0068 0.8080
615 0.0068 0.8080
616 0.0068 0.8080
617 0.0068 0.8080
618 0.0068 0.8080
619 0.0068 0.8080
620 0.0068 0.8080
621 0.0068 0.8080
622 0.0068 0.8080
623 0.0068 0.8080
624 0.0068 0.8080
625 0.0068 0.8080
626 0.0068 0.8080
627 0.0068 0.8080
628 0.0068 0.8080
629 0.0068 0.8080
630 0.0068 0.8080
631 0.0068 0.8080
632 0.0068 0.8080
633 0.0068 0.8080
634 0.0068 0.8080
635 0.0068 0.8080
636 0.0068 0.8080
637 0.0068 0.8080
638 0.0068 0.8080
639 0.0068 0.8080
640 0.0068 0.8080
641 0.0068 0.8080
642 0.0068 0.8080
643 0.0068 0.8080
644 0.0068 0.8080
645 0.0067 0.8080
646 0.0067 0.8080
647 0.0067 0.8080
648 0.0067 0.8080
649 0.0067 0.8080
650 0.0067 0.8080
651 0.0067 0.8080
652 0.0067 0.8080
653 0.0067 0.8080
654 0.0067 0.8080
655 0.0067 0.8080
656 0.0067 0.8080
657 0.0067 0.8080
658 0.0067 0.8080
659 0.0067 0.8080
660 0.0067 0.8080
661 0.0067 0.8080
662 0.0067 0.8080
663 0.0067 0.8080
664 0.0067 0.8080
665 0.0067 0.8080
666 0.0067 0.8080
667 0.0067 0.8080
668 0.0067 0.8080
669 0.0067 0.8080
670 0.0067 0.8080
671 0.0067 0.8080
672 0.0067 0.8080
673 0.0067 0.8080
674 0.0067 0.8080
675 0.0067 0.8080
676 0.0067 0.8080
677 0.0067 0.8080
678 0.0067 0.8080
679 0.0067 0.8080
680 0.0067 0.8080
681 0.0067 0.8080
682 0.0067 0.8080
683 0.0067 0.8080
684 0.0067 0.8080
685 0.0067 0.8080
686 0.0067 0.8080
687 0.0067 0.8080
688 0.0067 0.8080
689 0.0067 0.8080
690 0.0067 0.8080
691 0.0067 0.8080
692 0.0067 0.8080
693 0.0067 0.8080
694 0.0067 0.8080
695 0.0067 0.8080
696 0.0067 0.8080
697 0.0067 0.8080
698 0.0066 0.8080
699 0.0066 0.8080
700 0.0066 0.8080
701 0.0066 0.8080
702 0.0066 0.8080
703 0.0066 0.8080
704 0.0066 0.8080
705 0.0066 0.8080
706 0.0066 0.8080
707 0.0066 0.8080
708 0.0066 0.8080
709 0.0066 0.8080
710 0.0066 0.8080
711 0.0066 0.8080
712 0.0066 0.8080
713 0.0066 0.8080
714 0.0066 0.8080
715 0.0066 0.8080
716 0.0066 0.8080
717 0.0066 0.8080
718 0.0066 0.8080
719 0.0066 0.8080
720 0.0066 0.8080
721 0.0066 0.8080
722 0.0066 0.8070
723 0.0066 0.8070
724 0.0066 0.8070
725 0.0066 0.8070
726 0.0066 0.8070
727 0.0066 0.8070
728 0.0066 0.8070
729 0.0066 0.8070
730 0.0066 0.8070
731 0.0066 0.8070
732 0.0066 0.8080
733 0.0066 0.8070
734 0.0066 0.8070
735 0.0066 0.8070
736 0.0066 0.8080
737 0.0066 0.8080
738 0.0066 0.8080
739 0.0066 0.8070
740 0.0066 0.8070
741 0.0066 0.8080
742 0.0066 0.8080
743 0.0066 0.8080
744 0.0066 0.8080
745 0.0066 0.8070
746 0.0066 0.8080
747 0.0066 0.8080
748 0.0066 0.8080
749 0.0066 0.8080
750 0.0066 0.8080
751 0.0066 0.8070
752 0.0066 0.8080
753 0.0066 0.8080
754 0.0066 0.8080
755 0.0066 0.8080
756 0.0066 0.8070
757 0.0066 0.8070
758 0.0066 0.8070
759 0.0066 0.8080
760 0.0066 0.8080
761 0.0066 0.8080
762 0.0066 0.8080
763 0.0066 0.8080
764 0.0066 0.8080
765 0.0066 0.8080
766 0.0066 0.8080
767 0.0066 0.8080
768 0.0066 0.8080
769 0.0066 0.8080
770 0.0066 0.8080
771 0.0066 0.8080
772 0.0065 0.8080
773 0.0065 0.8080
774 0.0065 0.8080
775 0.0065 0.8080
776 0.0065 0.8080
777 0.0065 0.8080
778 0.0065 0.8080
779 0.0065 0.8080
780 0.0065 0.8080
781 0.0065 0.8080
782 0.0065 0.8080
783 0.0065 0.8080
784 0.0065 0.8080
785 0.0065 0.8080
786 0.0065 0.8080
787 0.0065 0.8080
788 0.0065 0.8080
789 0.0065 0.8080
790 0.0065 0.8080
791 0.0065 0.8080
792 0.0065 0.8080
793 0.0065 0.8080
794 0.0065 0.8080
795 0.0065 0.8080
796 0.0065 0.8080
797 0.0065 0.8080
798 0.0065 0.8080
799 0.0065 0.8080
800 0.0065 0.8080
801 0.0065 0.8080
802 0.0065 0.8080
803 0.0065 0.8080
804 0.0065 0.8090
805 0.0065 0.8090
806 0.0065 0.8080
807 0.0065 0.8080
808 0.0065 0.8090
809 0.0065 0.8090
810 0.0065 0.8090
811 0.0065 0.8090
812 0.0065 0.8090
813 0.0065 0.8080
814 0.0065 0.8090
815 0.0065 0.8090
816 0.0065 0.8090
817 0.0065 0.8090
818 0.0065 0.8090
819 0.0065 0.8090
820 0.0065 0.8090
821 0.0065 0.8090
822 0.0065 0.8090
823 0.0065 0.8090
824 0.0065 0.8090
825 0.0065 0.8090
826 0.0065 0.8090
827 0.0065 0.8080
828 0.0065 0.8090
829 0.0065 0.8090
830 0.0065 0.8090
831 0.0065 0.8090
832 0.0065 0.8080
833 0.0065 0.8080
834 0.0065 0.8080
835 0.0065 0.8080
836 0.0065 0.8080
837 0.0065 0.8080
838 0.0065 0.8080
839 0.0065 0.8080
840 0.0065 0.8080
841 0.0065 0.8080
842 0.0065 0.8080
843 0.0065 0.8080
844 0.0065 0.8090
845 0.0065 0.8080
846 0.0065 0.8080
847 0.0065 0.8080
848 0.0065 0.8080
849 0.0065 0.8080
850 0.0065 0.8080
851 0.0065 0.8080
852 0.0065 0.8080
853 0.0065 0.8080
854 0.0065 0.8080
855 0.0065 0.8080
856 0.0065 0.8080
857 0.0065 0.8080
858 0.0065 0.8080
859 0.0065 0.8080
860 0.0065 0.8080
861 0.0065 0.8080
862 0.0065 0.8080
863 0.0065 0.8080
864 0.0065 0.8080
865 0.0065 0.8080
866 0.0065 0.8080
867 0.0065 0.8080
868 0.0065 0.8090
869 0.0065 0.8080
870 0.0065 0.8080
871 0.0065 0.8080
872 0.0065 0.8080
873 0.0065 0.8090
874 0.0065 0.8090
875 0.0065 0.8090
876 0.0065 0.8090
877 0.0065 0.8090
878 0.0065 0.8090
879 0.0065 0.8090
880 0.0065 0.8090
881 0.0064 0.8090
882 0.0064 0.8090
883 0.0064 0.8090
884 0.0064 0.8090
885 0.0064 0.8090
886 0.0064 0.8090
887 0.0064 0.8090
888 0.0064 0.8090
889 0.0064 0.8090
890 0.0064 0.8090
891 0.0064 0.8090
892 0.0064 0.8090
893 0.0064 0.8090
894 0.0064 0.8090
895 0.0064 0.8090
896 0.0064 0.8090
897 0.0064 0.8090
898 0.0064 0.8090
899 0.0064 0.8090
900 0.0064 0.8090
901 0.0064 0.8090
902 0.0064 0.8090
903 0.0064 0.8090
904 0.0064 0.8090
905 0.0064 0.8090
906 0.0064 0.8090
907 0.0064 0.8090
908 0.0064 0.8090
909 0.0064 0.8090
910 0.0064 0.8090
911 0.0064 0.8090
912 0.0064 0.8090
913 0.0064 0.8090
914 0.0064 0.8090
915 0.0064 0.8090
916 0.0064 0.8090
917 0.0064 0.8090
918 0.0064 0.8090
919 0.0064 0.8090
920 0.0064 0.8090
921 0.0064 0.8090
922 0.0064 0.8090
923 0.0064 0.8090
924 0.0064 0.8090
925 0.0064 0.8090
926 0.0064 0.8090
927 0.0064 0.8090
928 0.0064 0.8090
929 0.0064 0.8090
930 0.0064 0.8090
931 0.0064 0.8090
932 0.0064 0.8090
933 0.0064 0.8090
934 0.0064 0.8090
935 0.0064 0.8090
936 0.0064 0.8090
937 0.0064 0.8090
938 0.0064 0.8090
939 0.0064 0.8090
940 0.0064 0.8090
941 0.0064 0.8090
942 0.0064 0.8090
943 0.0064 0.8090
944 0.0064 0.8090
945 0.0064 0.8090
946 0.0064 0.8090
947 0.0064 0.8090
948 0.0064 0.8090
949 0.0064 0.8090
950 0.0064 0.8090
951 0.0064 0.8090
952 0.0064 0.8090
953 0.0064 0.8090
954 0.0064 0.8080
955 0.0064 0.8080
956 0.0064 0.8080
957 0.0064 0.8090
958 0.0064 0.8090
959 0.0064 0.8090
960 0.0064 0.8090
961 0.0064 0.8080
962 0.0064 0.8080
963 0.0064 0.8080
964 0.0064 0.8080
965 0.0064 0.8080
966 0.0064 0.8080
967 0.0064 0.8080
968 0.0064 0.8080
969 0.0064 0.8080
970 0.0064 0.8080
971 0.0064 0.8080
972 0.0064 0.8080
973 0.0064 0.8080
974 0.0064 0.8080
975 0.0064 0.8080
976 0.0064 0.8080
977 0.0064 0.8080
978 0.0064 0.8080
979 0.0064 0.8080
980 0.0064 0.8080
981 0.0064 0.8080
982 0.0064 0.8080
983 0.0064 0.8080
984 0.0064 0.8080
985 0.0064 0.8080
986 0.0064 0.8080
987 0.0064 0.8080
988 0.0064 0.8080
989 0.0064 0.8080
990 0.0064 0.8080
991 0.0064 0.8080
992 0.0064 0.8080
993 0.0064 0.8080
994 0.0064 0.8080
995 0.0064 0.8080
996 0.0064 0.8080
997 0.0064 0.8080
998 0.0064 0.8080
999 0.0064 0.8080
1000 0.0064 0.8080
1001 0.0064 0.8080
1002 0.0064 0.8080
1003 0.0064 0.8080
1004 0.0064 0.8080
1005 0.0064 0.8080
1006 0.0064 0.8080
1007 0.0064 0.8080
1008 0.0064 0.8080
1009 0.0064 0.8080
1010 0.0064 0.8080
1011 0.0064 0.8080
1012 0.0064 0.8080
1013 0.0064 0.8080
1014 0.0064 0.8080
1015 0.0064 0.8080
1016 0.0064 0.8080
1017 0.0064 0.8080
1018 0.0064 0.8080
1019 0.0064 0.8080
1020 0.0064 0.8080
1021 0.0064 0.8070
1022 0.0064 0.8070
1023 0.0064 0.8070
1024 0.0064 0.8080
1025 0.0064 0.8080
1026 0.0064 0.8080
1027 0.0064 0.8080
1028 0.0064 0.8080
1029 0.0064 0.8080
1030 0.0064 0.8080
1031 0.0064 0.8080
1032 0.0064 0.8080
1033 0.0064 0.8080
1034 0.0064 0.8080
1035 0.0064 0.8070
1036 0.0064 0.8070
1037 0.0064 0.8070
1038 0.0064 0.8070
1039 0.0064 0.8080
1040 0.0064 0.8080
1041 0.0064 0.8080
1042 0.0064 0.8080
1043 0.0064 0.8080
1044 0.0064 0.8080
1045 0.0064 0.8080
1046 0.0064 0.8080
1047 0.0064 0.8070
1048 0.0064 0.8070
1049 0.0064 0.8080
1050 0.0064 0.8080
1051 0.0064 0.8070
1052 0.0064 0.8070
1053 0.0064 0.8070
1054 0.0064 0.8070
1055 0.0064 0.8070
1056 0.0064 0.8070
1057 0.0064 0.8070
1058 0.0064 0.8070
1059 0.0064 0.8080
1060 0.0064 0.8080
1061 0.0064 0.8070
1062 0.0064 0.8070
1063 0.0064 0.8070
1064 0.0064 0.8070
1065 0.0064 0.8070
1066 0.0064 0.8070
1067 0.0064 0.8070
1068 0.0064 0.8070
1069 0.0064 0.8070
1070 0.0064 0.8070
1071 0.0064 0.8070
1072 0.0064 0.8070
1073 0.0064 0.8070
1074 0.0064 0.8070
1075 0.0064 0.8070
1076 0.0064 0.8070
1077 0.0064 0.8070
1078 0.0064 0.8070
1079 0.0064 0.8070
1080 0.0064 0.8070
1081 0.0064 0.8070
1082 0.0064 0.8070
1083 0.0064 0.8070
1084 0.0064 0.8070
1085 0.0064 0.8070
1086 0.0064 0.8070
1087 0.0064 0.8070
1088 0.0064 0.8070
1089 0.0064 0.8070
1090 0.0064 0.8070
1091 0.0064 0.8070
1092 0.0064 0.8070
1093 0.0064 0.8070
1094 0.0064 0.8070
1095 0.0064 0.8070
1096 0.0064 0.8070
1097 0.0064 0.8070
1098 0.0064 0.8070
1099 0.0064 0.8070
1100 0.0064 0.8070
1101 0.0064 0.8070
1102 0.0064 0.8070
1103 0.0063 0.8070
1104 0.0063 0.8070
1105 0.0063 0.8070
1106 0.0063 0.8070
1107 0.0064 0.8070
1108 0.0064 0.8070
1109 0.0064 0.8070
1110 0.0064 0.8070
1111 0.0063 0.8070
1112 0.0064 0.8070
1113 0.0063 0.8070
1114 0.0064 0.8070
1115 0.0064 0.8070
1116 0.0063 0.8070
1117 0.0063 0.8070
1118 0.0063 0.8070
1119 0.0063 0.8070
1120 0.0063 0.8070
1121 0.0063 0.8070
1122 0.0063 0.8070
1123 0.0063 0.8070
1124 0.0063 0.8070
1125 0.0063 0.8070
1126 0.0063 0.8070
1127 0.0063 0.8070
1128 0.0063 0.8070
1129 0.0063 0.8070
1130 0.0063 0.8070
1131 0.0063 0.8070
1132 0.0063 0.8070
1133 0.0063 0.8070
1134 0.0063 0.8070
1135 0.0063 0.8070
1136 0.0063 0.8070
1137 0.0063 0.8070
1138 0.0063 0.8070
1139 0.0063 0.8070
1140 0.0063 0.8070
1141 0.0063 0.8070
1142 0.0063 0.8070
1143 0.0063 0.8070
1144 0.0063 0.8070
1145 0.0063 0.8070
1146 0.0063 0.8070
1147 0.0063 0.8070
1148 0.0063 0.8070
1149 0.0063 0.8070
1150 0.0063 0.8070
1151 0.0063 0.8070
1152 0.0063 0.8070
1153 0.0063 0.8070
1154 0.0063 0.8070
1155 0.0063 0.8070
1156 0.0063 0.8070
1157 0.0063 0.8070
1158 0.0063 0.8070
1159 0.0063 0.8070
1160 0.0063 0.8070
1161 0.0063 0.8070
1162 0.0063 0.8070
1163 0.0063 0.8070
1164 0.0063 0.8070
1165 0.0063 0.8070
1166 0.0063 0.8070
1167 0.0063 0.8070
1168 0.0063 0.8070
1169 0.0063 0.8070
1170 0.0063 0.8070
1171 0.0063 0.8070
1172 0.0063 0.8070
1173 0.0063 0.8070
1174 0.0063 0.8070
1175 0.0063 0.8070
1176 0.0063 0.8070
1177 0.0063 0.8070
1178 0.0063 0.8070
1179 0.0063 0.8070
1180 0.0063 0.8070
1181 0.0063 0.8070
1182 0.0063 0.8070
1183 0.0063 0.8070
1184 0.0063 0.8070
1185 0.0063 0.8070
1186 0.0063 0.8070
1187 0.0063 0.8070
1188 0.0063 0.8070
1189 0.0063 0.8070
1190 0.0063 0.8070
1191 0.0063 0.8070
1192 0.0063 0.8070
1193 0.0063 0.8070
1194 0.0063 0.8070
1195 0.0063 0.8070
1196 0.0063 0.8070
1197 0.0063 0.8070
1198 0.0063 0.8070
1199 0.0063 0.8070
1200 0.0063 0.8070
1201 0.0063 0.8070
1202 0.0063 0.8070
1203 0.0063 0.8070
1204 0.0063 0.8070
1205 0.0063 0.8070
1206 0.0063 0.8070
1207 0.0063 0.8070
1208 0.0063 0.8070
1209 0.0063 0.8070
1210 0.0063 0.8070
1211 0.0063 0.8070
1212 0.0063 0.8070
1213 0.0063 0.8070
1214 0.0063 0.8070
1215 0.0063 0.8070
1216 0.0063 0.8070
1217 0.0063 0.8070
1218 0.0063 0.8070
1219 0.0063 0.8070
1220 0.0063 0.8070
1221 0.0063 0.8070
1222 0.0063 0.8070
1223 0.0063 0.8070
1224 0.0063 0.8070
1225 0.0063 0.8070
1226 0.0063 0.8070
1227 0.0063 0.8070
1228 0.0063 0.8070
1229 0.0063 0.8070
1230 0.0063 0.8070
1231 0.0063 0.8070
1232 0.0063 0.8070
1233 0.0063 0.8070
1234 0.0063 0.8070
1235 0.0063 0.8070
1236 0.0063 0.8070
1237 0.0063 0.8070
1238 0.0063 0.8070
1239 0.0063 0.8070
1240 0.0063 0.8070
1241 0.0063 0.8070
1242 0.0063 0.8070
1243 0.0063 0.8070
1244 0.0063 0.8070
1245 0.0063 0.8070
1246 0.0063 0.8070
1247 0.0063 0.8070
1248 0.0063 0.8070
1249 0.0063 0.8070
1250 0.0063 0.8070
1251 0.0063 0.8070
1252 0.0063 0.8070
1253 0.0063 0.8070
1254 0.0063 0.8070
1255 0.0063 0.8070
1256 0.0063 0.8070
1257 0.0063 0.8070
1258 0.0063 0.8070
1259 0.0063 0.8070
1260 0.0063 0.8070
1261 0.0063 0.8070
1262 0.0063 0.8070
1263 0.0063 0.8070
1264 0.0063 0.8070
1265 0.0063 0.8070
1266 0.0063 0.8070
1267 0.0063 0.8070
1268 0.0063 0.8070
1269 0.0063 0.8070
1270 0.0063 0.8070
1271 0.0063 0.8070
1272 0.0063 0.8070
1273 0.0063 0.8070
1274 0.0063 0.8070
1275 0.0063 0.8070
1276 0.0063 0.8070
1277 0.0063 0.8070
1278 0.0063 0.8070
1279 0.0063 0.8070
1280 0.0063 0.8070
1281 0.0063 0.8070
1282 0.0063 0.8070
1283 0.0063 0.8070
1284 0.0063 0.8070
1285 0.0063 0.8070
1286 0.0063 0.8070
1287 0.0063 0.8070
1288 0.0063 0.8070
1289 0.0063 0.8070
1290 0.0063 0.8070
1291 0.0063 0.8070
1292 0.0063 0.8070
1293 0.0063 0.8070
1294 0.0063 0.8070
1295 0.0063 0.8070
1296 0.0063 0.8070
1297 0.0063 0.8070
1298 0.0063 0.8070
1299 0.0063 0.8070
1300 0.0063 0.8070
1301 0.0063 0.8070
1302 0.0063 0.8070
1303 0.0063 0.8070
1304 0.0063 0.8070
1305 0.0063 0.8070
1306 0.0063 0.8070
1307 0.0063 0.8070
1308 0.0063 0.8070
1309 0.0063 0.8070
1310 0.0063 0.8070
1311 0.0063 0.8070
1312 0.0063 0.8070
1313 0.0063 0.8070
1314 0.0063 0.8070
1315 0.0063 0.8070
1316 0.0063 0.8070
1317 0.0063 0.8070
1318 0.0063 0.8070
1319 0.0063 0.8070
1320 0.0063 0.8070
1321 0.0063 0.8070
1322 0.0063 0.8070
1323 0.0063 0.8070
1324 0.0063 0.8070
1325 0.0063 0.8070
1326 0.0063 0.8070
1327 0.0063 0.8070
1328 0.0063 0.8070
1329 0.0063 0.8070
1330 0.0063 0.8070
1331 0.0063 0.8070
1332 0.0063 0.8070
1333 0.0063 0.8070
1334 0.0063 0.8070
1335 0.0063 0.8070
1336 0.0063 0.8070
1337 0.0063 0.8070
1338 0.0063 0.8070
1339 0.0063 0.8070
1340 0.0063 0.8070
1341 0.0063 0.8070
1342 0.0063 0.8070
1343 0.0063 0.8070
1344 0.0063 0.8070
1345 0.0063 0.8070
1346 0.0063 0.8070
1347 0.0063 0.8070
1348 0.0063 0.8070
1349 0.0063 0.8070
1350 0.0063 0.8070
1351 0.0063 0.8070
1352 0.0063 0.8070
1353 0.0063 0.8070
1354 0.0063 0.8070
1355 0.0063 0.8070
1356 0.0063 0.8070
1357 0.0063 0.8070
1358 0.0063 0.8070
1359 0.0063 0.8070
1360 0.0063 0.8070
1361 0.0063 0.8070
1362 0.0063 0.8070
1363 0.0063 0.8070
1364 0.0063 0.8070
1365 0.0063 0.8070
1366 0.0063 0.8070
1367 0.0063 0.8070
1368 0.0063 0.8070
1369 0.0063 0.8070
1370 0.0063 0.8070
1371 0.0063 0.8070
1372 0.0063 0.8070
1373 0.0063 0.8070
1374 0.0063 0.8070
1375 0.0063 0.8070
1376 0.0063 0.8070
1377 0.0063 0.8070
1378 0.0063 0.8070
1379 0.0063 0.8070
1380 0.0063 0.8070
1381 0.0063 0.8070
1382 0.0063 0.8070
1383 0.0063 0.8070
1384 0.0063 0.8070
1385 0.0063 0.8070
1386 0.0063 0.8070
1387 0.0063 0.8070
1388 0.0063 0.8070
1389 0.0063 0.8070
1390 0.0063 0.8070
1391 0.0063 0.8070
1392 0.0063 0.8070
1393 0.0063 0.8070
1394 0.0063 0.8070
1395 0.0063 0.8070
1396 0.0063 0.8070
1397 0.0063 0.8070
1398 0.0063 0.8070
1399 0.0063 0.8070
1400 0.0063 0.8070
1401 0.0063 0.8070
1402 0.0063 0.8070
1403 0.0063 0.8070
1404 0.0063 0.8070
1405 0.0063 0.8070
1406 0.0063 0.8070
1407 0.0063 0.8070
1408 0.0063 0.8070
1409 0.0063 0.8070
1410 0.0063 0.8070
1411 0.0063 0.8070
1412 0.0063 0.8070
1413 0.0063 0.8070
1414 0.0063 0.8070
1415 0.0063 0.8070
1416 0.0063 0.8070
1417 0.0063 0.8070
1418 0.0063 0.8070
1419 0.0063 0.8070
1420 0.0063 0.8070
1421 0.0063 0.8070
1422 0.0063 0.8070
1423 0.0063 0.8070
1424 0.0063 0.8070
1425 0.0063 0.8070
1426 0.0063 0.8070
1427 0.0063 0.8070
1428 0.0063 0.8070
1429 0.0063 0.8070
1430 0.0063 0.8070
1431 0.0063 0.8070
1432 0.0063 0.8070
1433 0.0063 0.8070
1434 0.0063 0.8070
1435 0.0063 0.8070
1436 0.0063 0.8070
1437 0.0063 0.8070
1438 0.0063 0.8070
1439 0.0063 0.8070
1440 0.0063 0.8070
1441 0.0063 0.8070
1442 0.0063 0.8070
1443 0.0063 0.8070
1444 0.0063 0.8070
1445 0.0063 0.8070
1446 0.0063 0.8070
1447 0.0063 0.8070
1448 0.0063 0.8070
1449 0.0063 0.8070
1450 0.0063 0.8070
1451 0.0063 0.8070
1452 0.0063 0.8070
1453 0.0063 0.8070
1454 0.0063 0.8070
1455 0.0063 0.8070
1456 0.0063 0.8070
1457 0.0063 0.8070
1458 0.0063 0.8070
1459 0.0063 0.8070
1460 0.0063 0.8070
1461 0.0063 0.8070
1462 0.0063 0.8070
1463 0.0063 0.8070
1464 0.0063 0.8070
1465 0.0063 0.8070
1466 0.0063 0.8070
1467 0.0063 0.8070
1468 0.0063 0.8070
1469 0.0063 0.8070
1470 0.0063 0.8070
1471 0.0063 0.8070
1472 0.0063 0.8070
1473 0.0063 0.8070
1474 0.0063 0.8070
1475 0.0063 0.8070
1476 0.0063 0.8070
1477 0.0063 0.8070
1478 0.0063 0.8070
1479 0.0063 0.8070
1480 0.0063 0.8070
1481 0.0063 0.8070
1482 0.0063 0.8070
1483 0.0063 0.8070
1484 0.0063 0.8070
1485 0.0063 0.8070
1486 0.0063 0.8070
1487 0.0063 0.8070
1488 0.0063 0.8070
1489 0.0063 0.8070
1490 0.0063 0.8070
1491 0.0063 0.8070
1492 0.0063 0.8070
1493 0.0063 0.8070
1494 0.0063 0.8070
1495 0.0063 0.8070
1496 0.0063 0.8070
1497 0.0063 0.8070
1498 0.0063 0.8070
1499 0.0063 0.8070
1500 0.0063 0.8070
1501 0.0063 0.8070
1502 0.0063 0.8070
1503 0.0063 0.8070
1504 0.0063 0.8070
1505 0.0063 0.8070
1506 0.0063 0.8070
1507 0.0063 0.8070
1508 0.0063 0.8070
1509 0.0063 0.8070
1510 0.0063 0.8070
1511 0.0063 0.8070
1512 0.0063 0.8070
1513 0.0063 0.8070
1514 0.0063 0.8070
1515 0.0063 0.8070
1516 0.0063 0.8070
1517 0.0063 0.8070
1518 0.0063 0.8070
1519 0.0063 0.8070
1520 0.0063 0.8070
1521 0.0063 0.8070
1522 0.0063 0.8070
1523 0.0063 0.8070
1524 0.0063 0.8070
1525 0.0063 0.8070
1526 0.0063 0.8070
1527 0.0063 0.8070
1528 0.0063 0.8070
1529 0.0063 0.8070
1530 0.0063 0.8070
1531 0.0063 0.8070
1532 0.0063 0.8070
1533 0.0063 0.8070
1534 0.0063 0.8070
1535 0.0063 0.8070
1536 0.0063 0.8070
1537 0.0063 0.8070
1538 0.0063 0.8070
1539 0.0063 0.8070
1540 0.0063 0.8070
1541 0.0063 0.8070
1542 0.0063 0.8070
1543 0.0063 0.8070
1544 0.0063 0.8070
1545 0.0063 0.8070
1546 0.0063 0.8070
1547 0.0063 0.8070
1548 0.0063 0.8070
1549 0.0063 0.8070
1550 0.0063 0.8070
1551 0.0063 0.8070
1552 0.0063 0.8070
1553 0.0063 0.8070
1554 0.0063 0.8070
1555 0.0063 0.8070
1556 0.0063 0.8070
1557 0.0063 0.8070
1558 0.0063 0.8070
1559 0.0063 0.8070
1560 0.0063 0.8070
1561 0.0063 0.8070
1562 0.0063 0.8070
1563 0.0063 0.8070
1564 0.0063 0.8070
1565 0.0063 0.8070
1566 0.0063 0.8080
1567 0.0063 0.8070
1568 0.0063 0.8070
1569 0.0063 0.8070
1570 0.0063 0.8070
1571 0.0063 0.8070
1572 0.0063 0.8070
1573 0.0063 0.8070
1574 0.0063 0.8070
1575 0.0063 0.8070
1576 0.0063 0.8070
1577 0.0063 0.8070
1578 0.0063 0.8070
1579 0.0063 0.8070
1580 0.0063 0.8070
1581 0.0063 0.8070
1582 0.0063 0.8070
1583 0.0063 0.8070
1584 0.0063 0.8070
1585 0.0063 0.8070
1586 0.0063 0.8070
1587 0.0063 0.8070
1588 0.0063 0.8070
1589 0.0063 0.8070
1590 0.0063 0.8070
1591 0.0063 0.8070
1592 0.0063 0.8070
1593 0.0063 0.8070
1594 0.0063 0.8070
1595 0.0063 0.8070
1596 0.0063 0.8070
1597 0.0063 0.8070
1598 0.0063 0.8070
1599 0.0063 0.8070
1600 0.0063 0.8070
1601 0.0063 0.8070
1602 0.0063 0.8070
1603 0.0063 0.8070
1604 0.0063 0.8070
1605 0.0063 0.8070
1606 0.0063 0.8080
1607 0.0063 0.8070
1608 0.0063 0.8070
1609 0.0063 0.8070
1610 0.0063 0.8080
1611 0.0063 0.8080
1612 0.0063 0.8070
1613 0.0063 0.8070
1614 0.0063 0.8070
1615 0.0063 0.8080
1616 0.0063 0.8080
1617 0.0063 0.8070
1618 0.0063 0.8070
1619 0.0063 0.8070
1620 0.0063 0.8070
1621 0.0063 0.8070
1622 0.0063 0.8070
1623 0.0063 0.8080
1624 0.0063 0.8070
1625 0.0063 0.8070
1626 0.0063 0.8070
1627 0.0063 0.8080
1628 0.0063 0.8070
1629 0.0063 0.8070
1630 0.0063 0.8070
1631 0.0063 0.8080
1632 0.0063 0.8070
1633 0.0063 0.8070
1634 0.0063 0.8080
1635 0.0063 0.8070
1636 0.0063 0.8070
1637 0.0063 0.8070
1638 0.0063 0.8070
1639 0.0063 0.8070
1640 0.0063 0.8080
1641 0.0063 0.8080
1642 0.0063 0.8080
1643 0.0063 0.8080
1644 0.0063 0.8070
1645 0.0063 0.8070
1646 0.0063 0.8070
1647 0.0063 0.8080
1648 0.0063 0.8080
1649 0.0063 0.8080
1650 0.0063 0.8080
1651 0.0063 0.8080
1652 0.0063 0.8070
1653 0.0063 0.8070
1654 0.0063 0.8070
1655 0.0063 0.8080
1656 0.0063 0.8080
1657 0.0063 0.8080
1658 0.0063 0.8080
1659 0.0063 0.8080
1660 0.0063 0.8080
1661 0.0063 0.8080
1662 0.0063 0.8080
1663 0.0063 0.8080
1664 0.0063 0.8080
1665 0.0063 0.8070
1666 0.0063 0.8070
1667 0.0063 0.8080
1668 0.0063 0.8080
1669 0.0063 0.8080
1670 0.0063 0.8080
1671 0.0063 0.8080
1672 0.0063 0.8080
1673 0.0063 0.8080
1674 0.0063 0.8080
1675 0.0063 0.8080
1676 0.0063 0.8080
1677 0.0063 0.8080
1678 0.0063 0.8080
1679 0.0063 0.8080
1680 0.0063 0.8080
1681 0.0063 0.8080
1682 0.0063 0.8080
1683 0.0063 0.8080
1684 0.0063 0.8080
1685 0.0063 0.8080
1686 0.0063 0.8080
1687 0.0063 0.8080
1688 0.0063 0.8080
1689 0.0063 0.8080
1690 0.0063 0.8080
1691 0.0063 0.8070
1692 0.0063 0.8080
1693 0.0063 0.8080
1694 0.0063 0.8080
1695 0.0063 0.8080
1696 0.0063 0.8080
1697 0.0063 0.8080
1698 0.0063 0.8080
1699 0.0063 0.8080
1700 0.0063 0.8080
1701 0.0063 0.8080
1702 0.0063 0.8080
1703 0.0063 0.8080
1704 0.0063 0.8080
1705 0.0063 0.8080
1706 0.0063 0.8080
1707 0.0063 0.8080
1708 0.0063 0.8080
1709 0.0063 0.8080
1710 0.0063 0.8080
1711 0.0063 0.8080
1712 0.0063 0.8080
1713 0.0063 0.8080
1714 0.0063 0.8080
1715 0.0063 0.8080
1716 0.0063 0.8080
1717 0.0063 0.8080
1718 0.0063 0.8080
1719 0.0063 0.8080
1720 0.0063 0.8080
1721 0.0063 0.8080
1722 0.0063 0.8080
1723 0.0063 0.8080
1724 0.0063 0.8080
1725 0.0063 0.8080
1726 0.0063 0.8080
1727 0.0063 0.8080
1728 0.0063 0.8080
1729 0.0063 0.8080
1730 0.0063 0.8080
1731 0.0063 0.8080
1732 0.0063 0.8080
1733 0.0063 0.8080
1734 0.0063 0.8080
1735 0.0063 0.8080
1736 0.0063 0.8080
1737 0.0063 0.8080
1738 0.0063 0.8080
1739 0.0063 0.8080
1740 0.0063 0.8080
1741 0.0063 0.8080
1742 0.0063 0.8080
1743 0.0063 0.8070
1744 0.0063 0.8080
1745 0.0063 0.8080
1746 0.0063 0.8080
1747 0.0063 0.8080
1748 0.0063 0.8080
1749 0.0063 0.8080
1750 0.0063 0.8080
1751 0.0063 0.8080
1752 0.0063 0.8080
1753 0.0063 0.8080
1754 0.0063 0.8080
1755 0.0063 0.8080
1756 0.0063 0.8080
1757 0.0063 0.8080
1758 0.0063 0.8080
1759 0.0063 0.8080
1760 0.0063 0.8080
1761 0.0063 0.8080
1762 0.0063 0.8080
1763 0.0063 0.8080
1764 0.0063 0.8080
1765 0.0063 0.8080
1766 0.0063 0.8080
1767 0.0063 0.8080
1768 0.0063 0.8080
1769 0.0063 0.8080
1770 0.0063 0.8080
1771 0.0063 0.8080
1772 0.0063 0.8080
1773 0.0063 0.8080
1774 0.0063 0.8080
1775 0.0063 0.8080
1776 0.0063 0.8080
1777 0.0063 0.8080
1778 0.0063 0.8080
1779 0.0063 0.8080
1780 0.0063 0.8080
1781 0.0063 0.8080
1782 0.0063 0.8080
1783 0.0063 0.8080
1784 0.0063 0.8080
1785 0.0063 0.8080
1786 0.0063 0.8080
1787 0.0063 0.8080
1788 0.0063 0.8080
1789 0.0063 0.8080
1790 0.0063 0.8080
1791 0.0063 0.8080
1792 0.0063 0.8080
1793 0.0063 0.8080
1794 0.0063 0.8080
1795 0.0063 0.8080
1796 0.0063 0.8080
1797 0.0063 0.8080
1798 0.0063 0.8080
1799 0.0063 0.8080
1800 0.0063 0.8080
1801 0.0063 0.8080
1802 0.0063 0.8080
1803 0.0063 0.8080
1804 0.0063 0.8080
1805 0.0063 0.8080
1806 0.0063 0.8080
1807 0.0063 0.8080
1808 0.0063 0.8080
1809 0.0063 0.8080
1810 0.0063 0.8080
1811 0.0063 0.8080
1812 0.0063 0.8080
1813 0.0063 0.8080
1814 0.0063 0.8080
1815 0.0063 0.8080
1816 0.0063 0.8080
1817 0.0063 0.8080
1818 0.0063 0.8080
1819 0.0063 0.8080
1820 0.0063 0.8080
1821 0.0063 0.8080
1822 0.0063 0.8080
1823 0.0063 0.8080
1824 0.0063 0.8080
1825 0.0063 0.8080
1826 0.0063 0.8080
1827 0.0063 0.8080
1828 0.0063 0.8080
1829 0.0063 0.8080
1830 0.0063 0.8080
1831 0.0063 0.8080
1832 0.0063 0.8080
1833 0.0063 0.8080
1834 0.0063 0.8080
1835 0.0063 0.8080
1836 0.0063 0.8080
1837 0.0063 0.8080
1838 0.0063 0.8080
1839 0.0063 0.8080
1840 0.0063 0.8080
1841 0.0063 0.8080
1842 0.0063 0.8080
1843 0.0063 0.8080
1844 0.0063 0.8080
1845 0.0063 0.8080
1846 0.0063 0.8080
1847 0.0063 0.8080
1848 0.0063 0.8080
1849 0.0063 0.8080
1850 0.0063 0.8080
1851 0.0063 0.8080
1852 0.0063 0.8080
1853 0.0063 0.8080
1854 0.0063 0.8080
1855 0.0063 0.8080
1856 0.0063 0.8080
1857 0.0063 0.8080
1858 0.0063 0.8080
1859 0.0063 0.8080
1860 0.0063 0.8080
1861 0.0063 0.8080
1862 0.0063 0.8080
1863 0.0063 0.8080
1864 0.0063 0.8080
1865 0.0063 0.8080
1866 0.0063 0.8080
1867 0.0063 0.8080
1868 0.0063 0.8080
1869 0.0063 0.8080
1870 0.0063 0.8080
1871 0.0063 0.8080
1872 0.0063 0.8080
1873 0.0063 0.8080
1874 0.0063 0.8080
1875 0.0063 0.8080
1876 0.0063 0.8080
1877 0.0063 0.8080
1878 0.0063 0.8080
1879 0.0063 0.8080
1880 0.0063 0.8080
1881 0.0063 0.8080
1882 0.0063 0.8080
1883 0.0063 0.8080
1884 0.0063 0.8080
1885 0.0063 0.8080
1886 0.0063 0.8080
1887 0.0063 0.8080
1888 0.0063 0.8080
1889 0.0063 0.8080
1890 0.0063 0.8080
1891 0.0063 0.8080
1892 0.0063 0.8080
1893 0.0063 0.8080
1894 0.0063 0.8080
1895 0.0063 0.8080
1896 0.0063 0.8080
1897 0.0063 0.8080
1898 0.0063 0.8080
1899 0.0063 0.8080
1900 0.0063 0.8080
1901 0.0063 0.8080
1902 0.0063 0.8080
1903 0.0063 0.8080
1904 0.0063 0.8080
1905 0.0063 0.8080
1906 0.0063 0.8080
1907 0.0063 0.8080
1908 0.0063 0.8080
1909 0.0063 0.8080
1910 0.0063 0.8080
1911 0.0063 0.8080
1912 0.0063 0.8080
1913 0.0063 0.8080
1914 0.0063 0.8080
1915 0.0063 0.8080
1916 0.0063 0.8080
1917 0.0063 0.8080
1918 0.0063 0.8080
1919 0.0063 0.8080
1920 0.0063 0.8080
1921 0.0063 0.8080
1922 0.0063 0.8080
1923 0.0063 0.8080
1924 0.0063 0.8080
1925 0.0063 0.8080
1926 0.0063 0.8080
1927 0.0063 0.8080
1928 0.0063 0.8080
1929 0.0063 0.8080
1930 0.0063 0.8080
1931 0.0063 0.8080
1932 0.0063 0.8080
1933 0.0063 0.8080
1934 0.0063 0.8080
1935 0.0063 0.8080
1936 0.0063 0.8080
1937 0.0063 0.8080
1938 0.0063 0.8080
1939 0.0063 0.8080
1940 0.0063 0.8080
1941 0.0063 0.8080
1942 0.0063 0.8080
1943 0.0063 0.8080
1944 0.0063 0.8080
1945 0.0063 0.8080
1946 0.0063 0.8080
1947 0.0063 0.8080
1948 0.0063 0.8080
1949 0.0063 0.8080
1950 0.0063 0.8080
1951 0.0063 0.8080
1952 0.0063 0.8080
1953 0.0063 0.8080
1954 0.0063 0.8080
1955 0.0063 0.8080
1956 0.0063 0.8080
1957 0.0063 0.8080
1958 0.0063 0.8080
1959 0.0063 0.8080
1960 0.0063 0.8080
1961 0.0063 0.8080
1962 0.0063 0.8080
1963 0.0063 0.8080
1964 0.0063 0.8080
1965 0.0063 0.8080
1966 0.0063 0.8080
1967 0.0063 0.8080
1968 0.0063 0.8080
1969 0.0063 0.8080
1970 0.0063 0.8080
1971 0.0063 0.8080
1972 0.0063 0.8080
1973 0.0063 0.8080
1974 0.0063 0.8080
1975 0.0063 0.8080
1976 0.0063 0.8080
1977 0.0063 0.8080
1978 0.0063 0.8080
1979 0.0063 0.8080
1980 0.0063 0.8080
1981 0.0063 0.8080
1982 0.0063 0.8080
1983 0.0063 0.8070
1984 0.0063 0.8070
1985 0.0063 0.8080
1986 0.0063 0.8080
1987 0.0063 0.8080
1988 0.0063 0.8080
1989 0.0063 0.8080
1990 0.0063 0.8080
1991 0.0063 0.8080
1992 0.0063 0.8080
1993 0.0063 0.8080
1994 0.0063 0.8080
1995 0.0063 0.8080
1996 0.0063 0.8080
1997 0.0063 0.8080
1998 0.0063 0.8080
1999 0.0063 0.8080
